93
   0   -2    -33.637    137.085     41.338 4
   1   -2     -2.022    137.112     41.515 4
   2   -2   -235.585     71.986     42.681 4
   3   -2   -210.814     72.207     42.624 4
   4   -2   -185.890     71.950     41.722 4
   5   -2   -190.347     58.349     42.123 4
   6   -2   -217.069     59.090     42.818 4
  12   -2   -165.960     60.519     42.067 4
  10   -2   -241.625     58.896     42.985 4
   7   -2   -160.069     72.471     41.851 4
  13   -2   -135.638     60.552     41.512 4
  14   -2    -90.727     31.333     42.258 4
  15   -2   -141.790     60.752     41.559 4
  16   -2   -129.886     60.603     41.426 4
  -1   -2   -231.829     97.868     42.382 4
  -1   -2   -125.863    101.600     40.867 4
  17   -2    -71.391     30.007     42.125 4
  18   -2    -77.396    100.197     41.688 4
  19   -2   -175.175     99.915     41.314 4
  21   -2    -96.820     59.629     41.773 4
  22   -2   -102.575     59.583     41.632 4
  24   -2   -120.529    101.756     40.843 4
  23   -2   -122.661    -18.031     43.229 4
  25   -2   -114.114     59.650     41.487 4
  27   -2    -36.234    101.828     41.683 4
  26   -2   -108.892     59.820     41.530 4
  28   -2    -67.558     61.644     42.257 4
  34   -2   -133.004     72.746     41.128 4
  30   -2   -240.251     98.144     42.391 4
  31   -2    -73.330     61.602     42.251 4
  36   -2   -129.640    -17.945     43.534 4
  37   -2    -79.636     61.859     42.198 4
  33   -2    -43.382     60.572     42.227 4
  35   -2    -49.139     60.529     42.283 4
  40   -2    -32.783     60.996     42.104 4
  39   -2    -21.124     60.767     41.987 4
  42   -2    -55.447     60.553     42.287 4
  41   -2    -15.431     60.792     41.963 4
  44   -2     -7.508    101.661     41.647 4
  43   -2   -128.711    -25.277     43.690 4
  47   -2   -104.684     72.672     41.351 4
  46   -2     11.453     61.757     42.813 4
  45   -2   -132.171    -25.337     43.881 4
  -1   -2    -42.282      2.797     41.970 4
  49   -2    -27.429     60.987     42.023 4
  51   -2     -5.913     61.950     42.175 4
  50   -2      5.761     61.730     42.558 4
  29   -2    -41.305    101.485     41.490 4
  -1   -2    -84.709     61.485     41.877 4
  53   -2     -0.347     61.910     42.341 4
  52   -2    -52.253      2.798     41.941 4
  54   -2    -32.996     33.445     42.328 4
  55   -2    -19.783     32.837     42.552 4
  -1   -2    -47.131      2.560     41.936 4
  -1   -2   -111.824    101.514     41.859 4
  -1   -2    -67.831    100.094     42.755 4
  -1   -2    -26.644    101.677     40.561 4
  -1   -2      2.069    101.728     40.822 4
  62   -2    -77.083     73.123     42.225 4
  -1   -2      6.737    169.855     40.739 4
  63   -2   -116.247    -16.400     43.025 4
  -1   -2   -154.762     60.487     40.244 4
  -1   -2   -166.163     99.734     41.299 4
  -1   -2   -123.199    100.016     40.868 4
  -1   -2   -120.042    -25.428     43.281 4
  68   -2   -230.887     58.686     42.953 4
  67   -2   -206.277     58.926     42.639 4
  -1   -2   -179.607     58.134     42.014 4
  70   -2    -48.710     73.199     42.288 4
  71   -2     15.342    177.856     40.023 4
  72   -2    -30.133     59.275     42.032 4
  73   -2     -3.242     60.246     42.260 4
  -1   -2   -127.066    -19.887     43.421 4
  -1   -2    -63.446      1.536     38.692 4
  74   -2    -23.958     74.087     41.845 4
  -1   -2   -260.990    160.243     37.281 4
  -1   -2      1.880    -25.620     42.281 4
  -1   -2    -49.614    101.405     -8.167 4
  -1   -2   -264.997    156.645     48.178 4
  -1   -2   -248.525    -25.863     49.359 4
  -1   -2   -272.689    156.709     60.555 4
  -1   -2    -98.201    -31.812     12.470 4
  11   -2   -159.782     60.314     41.924 4
  -1   -2     -2.325    101.367     41.591 4
  82   -2   -111.559     58.078     41.445 4
  -1   -2      0.735    170.854     41.535 4
  -1   -2   -244.997    -35.523    -54.321 4
  -1   -2   -277.298    104.242     44.044 4
  -1   -2   -261.868    159.064     35.993 4
  -1   -2     22.506    -35.099     25.246 4
  -1   -2   -246.238    184.665     12.918 4
  -1   -2   -258.480    157.839     81.401 4
  -1   -2     13.272    -32.627     30.515 4
