89
   0    0    -33.638    137.085     41.352
   1    1     -2.022    137.106     41.541
   2    2   -235.588     71.984     42.684
   3    3   -210.813     72.207     42.642
   4    4   -185.885     71.948     41.730
   5    5   -190.347     58.352     42.150
   6    6   -217.072     59.091     42.819
  14    9   -160.064     72.473     41.841
  -1   -2   -154.043     60.386     41.854
  -1   -2    -67.389    100.061     41.719
  11    8   -241.625     58.894     42.983
  10   82   -159.805     60.345     42.015
   8    7   -165.957     60.518     42.069
  12   10   -135.640     60.554     41.513
  13   11    -90.723     31.332     42.263
  17   12   -141.790     60.752     41.573
  15   13   -129.885     60.601     41.447
  19   16    -71.390     30.007     42.127
  18   17    -77.396    100.191     41.706
  20   18   -175.175     99.912     41.323
  -1   -2   -125.799    101.565     40.873
  21   19    -96.818     59.627     41.783
  22   20   -102.577     59.579     41.637
  24   22   -122.661    -18.030     43.233
  23   21   -120.524    101.752     40.853
  25   23   -114.115     59.647     41.487
  26   25   -108.888     59.819     41.538
  27   24    -36.239    101.830     41.695
  28   26    -67.561     61.641     42.272
  31   47    -41.284    101.454     41.755
  33   28   -240.248     98.145     42.396
  29   29    -73.325     61.601     42.261
  -1   -2    -84.685     61.460     42.145
  36   32    -43.379     60.569     42.236
  32   27   -133.002     72.747     41.133
  34   33    -49.143     60.529     42.289
  35   30   -129.641    -17.945     43.531
  38   31    -79.635     61.855     42.208
  -1   -2    -72.252     99.845     41.730
  40   35    -21.128     60.768     41.974
  42   34    -32.784     60.996     42.111
  39   37    -15.427     60.795     41.976
  41   36    -55.445     60.547     42.302
  43   39   -128.705    -25.280     43.691
  46   38     -7.508    101.658     41.675
  44   42   -132.161    -25.336     43.865
  47   41     11.454     61.758     42.826
  45   40   -104.683     72.667     41.352
  -1   -2    -42.283      2.797     41.970
  48   44    -27.433     60.988     42.018
  49   46      5.764     61.729     42.566
  50   45     -5.913     61.948     42.185
  51   50    -52.256      2.798     41.943
  52   49     -0.350     61.904     42.353
  53   51    -32.988     33.446     42.315
  54   52    -19.784     32.829     42.556
  -1   -2   -111.441    101.455     42.870
  -1   -2    -64.419      2.679     42.123
  -1   -2    -47.131      2.560     41.941
  -1   -2   -231.368     97.938     43.320
  -1   -2   -166.542     99.761     42.332
  -1   -2      1.114    101.648     42.756
  59   58    -77.083     73.124     42.233
  62   60   -116.242    -16.401     43.040
  -1   -2    -27.099    101.702     41.613
  -1   -2      6.706    169.870     40.673
  -1   -2   -120.039    -25.424     43.270
  68   66   -206.275     58.926     42.646
  67   65   -230.885     58.685     42.956
  -1   -2   -179.612     58.134     42.034
  69   68    -48.708     73.194     42.318
  71   69     15.356    177.858     40.033
  70   70    -30.132     59.274     42.031
  72   71     -3.237     60.242     42.259
  74   74    -23.948     74.072     41.870
  -1   -2   -262.713    155.586     38.402
  -1   -2   -119.388    100.515     49.994
  -1   -2   -261.517    162.250     31.438
  -1   -2   -253.032    -25.563     32.879
  -1   -2      7.394    -33.338     23.075
  -1   -2   -260.077    162.072     37.055
  -1   -2   -249.938    181.220      2.491
  84   84   -111.557     58.077     41.449
  -1   -2   -127.102    -19.894     43.359
  -1   -2    -85.272    -25.401     42.402
  -1   -2   -125.925    -31.297     16.330
  -1   -2   -282.622    100.806     25.360
  -1   -2   -260.872    156.998     52.757
  -1   -2   -284.249    184.395      0.525
