93
  -1    0    -33.638    137.085     41.354
  -1    1     -2.023    137.111     41.556
  -1    2   -235.587     71.983     42.701
  -1    3   -210.811     72.206     42.641
  -1    4   -185.883     71.950     41.727
  -1    5   -190.346     58.349     42.136
  -1    6   -217.069     59.088     42.829
  -1   -2   -154.039     60.388     41.870
  -1   12   -165.954     60.519     42.070
  -1   -2    -67.385    100.064     41.732
  -1   11   -159.800     60.345     42.023
  -1   10   -241.626     58.894     42.987
  -1   13   -135.642     60.551     41.515
  -1   14    -90.722     31.335     42.266
  -1    7   -160.061     72.468     41.854
  -1   16   -129.886     60.600     41.444
  -1   -2   -125.863    101.599     40.876
  -1   15   -141.788     60.751     41.578
  -1   18    -77.396    100.189     41.703
  -1   17    -71.387     30.004     42.124
  -1   19   -175.174     99.912     41.322
  -1   21    -96.817     59.625     41.783
  -1   22   -102.578     59.575     41.644
  -1   24   -120.524    101.755     40.860
  -1   23   -122.656    -18.027     43.246
  -1   25   -114.116     59.649     41.498
  -1   26   -108.889     59.817     41.549
  -1   27    -36.238    101.827     41.710
  -1   28    -67.563     61.641     42.267
  -1   31    -73.324     61.602     42.256
  -1   -2    -84.682     61.464     42.145
  -1   29    -41.289    101.453     41.773
  -1   34   -132.998     72.742     41.137
  -1   30   -240.252     98.141     42.415
  -1   35    -49.141     60.529     42.301
  -1   36   -129.645    -17.941     43.544
  -1   33    -43.380     60.570     42.235
  -1   -2    -72.254     99.845     41.724
  -1   37    -79.636     61.857     42.208
  -1   41    -15.427     60.792     41.998
  -1   39    -21.126     60.767     42.010
  -1   42    -55.443     60.547     42.306
  -1   40    -32.784     60.990     42.124
  -1   43   -128.702    -25.284     43.700
  -1   45   -132.171    -25.340     43.888
  -1   47   -104.686     72.670     41.353
  -1   44     -7.508    101.661     41.682
  -1   46     11.451     61.758     42.826
  -1   49    -27.430     60.982     42.032
  -1   50      5.760     61.729     42.583
  -1   51     -5.913     61.946     42.192
  -1   52    -52.250      2.796     41.944
  -1   53     -0.350     61.908     42.352
  -1   54    -32.994     33.445     42.363
  -1   55    -19.777     32.829     42.570
  -1   -2   -231.363     97.938     43.322
  -1   -2   -111.821    101.512     41.876
  -1   -2      1.116    101.648     42.760
  -1   -2    -26.638    101.675     40.580
  -1   62    -77.085     73.124     42.242
  -1   -2    -42.632      2.808     40.933
  -1   -2   -120.400    -25.358     44.212
  -1   63   -116.242    -16.403     43.047
  -1   -2   -178.947     58.237     40.359
  -1   -2   -166.161     99.731     41.308
  -1   -2      6.711    169.865     40.789
  -1   -2   -123.198    100.017     40.869
  -1   68   -230.890     58.682     42.964
  -1   67   -206.279     58.925     42.658
  -1   70    -48.710     73.194     42.312
  -1   72    -30.132     59.272     42.035
  -1   71     15.358    177.859     39.987
  -1   73     -3.241     60.241     42.283
  -1   -2    -65.252      3.828     45.652
  -1   74    -23.948     74.076     41.846
  -1   -2   -261.034    160.274     37.177
  -1   -2    -50.207      1.728     28.395
  -1   -2   -264.980    156.655     47.855
  -1   -2   -248.621    -25.718     49.025
  -1   -2   -262.605    163.523     46.502
  -1   -2      5.619    -27.769     26.520
  -1   -2   -136.249    -19.600     22.988
  -1   -2   -183.943     58.071     41.983
  -1   -2    -31.092    101.357     41.573
  -1   82   -111.552     58.078     41.462
  -1   -2    -85.292    -25.407     42.445
  -1   -2   -278.214     97.321     38.714
  -1   -2   -247.239    -35.739    -44.295
  -1   -2     37.373    -34.749    -25.616
  -1   -2   -245.287    182.843     17.021
  -1   -2   -265.275    158.918     50.192
  -1   -2     30.724    -32.748    -10.799
  -1   -2   -290.823    181.482    -22.341
