93
   0   -2    -33.637    137.085     41.338
   1   -2     -2.022    137.112     41.515
   2   -2   -235.585     71.986     42.681
   3   -2   -210.814     72.207     42.624
   4   -2   -185.890     71.950     41.722
   5   -2   -190.347     58.349     42.123
   6   -2   -217.069     59.090     42.818
  12   -2   -165.960     60.519     42.067
  10   -2   -241.625     58.896     42.985
   7   -2   -160.069     72.471     41.851
  13   -2   -135.638     60.552     41.512
  14   -2    -90.727     31.333     42.258
  15   -2   -141.790     60.752     41.559
  16   -2   -129.886     60.603     41.426
  -1   -2   -231.829     97.868     42.382
  -1   -2   -125.863    101.600     40.867
  17   -2    -71.391     30.007     42.125
  18   -2    -77.396    100.197     41.688
  19   -2   -175.175     99.915     41.314
  21   -2    -96.820     59.629     41.773
  22   -2   -102.575     59.583     41.632
  24   -2   -120.529    101.756     40.843
  23   -2   -122.661    -18.031     43.229
  25   -2   -114.114     59.650     41.487
  27   -2    -36.234    101.828     41.683
  26   -2   -108.892     59.820     41.530
  28   -2    -67.558     61.644     42.257
  34   -2   -133.004     72.746     41.128
  30   -2   -240.251     98.144     42.391
  31   -2    -73.330     61.602     42.251
  36   -2   -129.640    -17.945     43.534
  37   -2    -79.636     61.859     42.198
  33   -2    -43.382     60.572     42.227
  35   -2    -49.139     60.529     42.283
  40   -2    -32.783     60.996     42.104
  39   -2    -21.124     60.767     41.987
  42   -2    -55.447     60.553     42.287
  41   -2    -15.431     60.792     41.963
  44   -2     -7.508    101.661     41.647
  43   -2   -128.711    -25.277     43.690
  47   -2   -104.684     72.672     41.351
  46   -2     11.453     61.757     42.813
  45   -2   -132.171    -25.337     43.881
  -1   -2    -42.282      2.797     41.970
  49   -2    -27.429     60.987     42.023
  51   -2     -5.913     61.950     42.175
  50   -2      5.761     61.730     42.558
  29   -2    -41.305    101.485     41.490
  -1   -2    -84.709     61.485     41.877
  53   -2     -0.347     61.910     42.341
  52   -2    -52.253      2.798     41.941
  54   -2    -32.996     33.445     42.328
  55   -2    -19.783     32.837     42.552
  -1   -2    -47.131      2.560     41.936
  -1   -2   -111.824    101.514     41.859
  -1   -2    -67.831    100.094     42.755
  -1   -2    -26.644    101.677     40.561
  -1   -2      2.069    101.728     40.822
  62   -2    -77.083     73.123     42.225
  -1   -2      6.737    169.855     40.739
  63   -2   -116.247    -16.400     43.025
  -1   -2   -154.762     60.487     40.244
  -1   -2   -166.163     99.734     41.299
  -1   -2   -123.199    100.016     40.868
  -1   -2   -120.042    -25.428     43.281
  68   -2   -230.887     58.686     42.953
  67   -2   -206.277     58.926     42.639
  -1   -2   -179.607     58.134     42.014
  70   -2    -48.710     73.199     42.288
  71   -2     15.342    177.856     40.023
  72   -2    -30.133     59.275     42.032
  73   -2     -3.242     60.246     42.260
  -1   -2   -127.066    -19.887     43.421
  -1   -2    -63.446      1.536     38.692
  74   -2    -23.958     74.087     41.845
  -1   -2   -260.990    160.243     37.281
  -1   -2      1.880    -25.620     42.281
  -1   -2    -49.614    101.405     -8.167
  -1   -2   -264.997    156.645     48.178
  -1   -2   -248.525    -25.863     49.359
  -1   -2   -272.689    156.709     60.555
  -1   -2    -98.201    -31.812     12.470
  11   -2   -159.782     60.314     41.924
  -1   -2     -2.325    101.367     41.591
  82   -2   -111.559     58.078     41.445
  -1   -2      0.735    170.854     41.535
  -1   -2   -244.997    -35.523    -54.321
  -1   -2   -277.298    104.242     44.044
  -1   -2   -261.868    159.064     35.993
  -1   -2     22.506    -35.099     25.246
  -1   -2   -246.238    184.665     12.918
  -1   -2   -258.480    157.839     81.401
  -1   -2     13.272    -32.627     30.515
