93
   1   -33.637   137.085    41.338   19    7   13   11
   2    -2.022   137.112    41.515   20    8   12   10
   3  -235.585    71.986    42.681   43   26   42   39
   4  -210.814    72.207    42.624   44   27   41   38
   5  -185.890    71.950    41.722   48   32   43   40
   6  -190.347    58.349    42.123   84   63   76   72
   7  -217.069    59.090    42.818   67   55   67   67
   8  -165.960    60.519    42.067   56   42   53   56
   9  -241.625    58.896    42.985   66   54   68   69
  10  -160.069    72.471    41.851   46   28   39   37
  11  -135.638    60.552    41.512   61   45   55   59
  12   -90.727    31.333    42.258   92   69   83   77
  13  -141.790    60.752    41.559   54   43   50   53
  14  -129.886    60.603    41.426   60   46   54   57
  15  -231.829    97.868    42.382   36   23   33   31
  16  -125.863   101.600    40.867   22   10   17   22
  17   -71.391    30.007    42.125   93   70   84   78
  18   -77.396   100.197    41.688   37   21   26   24
  19  -175.175    99.915    41.314   25   13   28   28
  20   -96.820    59.629    41.773   83   60   70   65
  21  -102.575    59.583    41.632   82   62   69   66
  22  -120.529   101.756    40.843   21    9   16   21
  23  -122.661   -18.031    43.229  100   81   91   87
  24  -114.114    59.650    41.487   76   59   66   64
  25   -36.234   101.828    41.683   27   12   18   15
  26  -108.892    59.820    41.530   75   56   65   63
  27   -67.558    61.644    42.257   57   36   45   46
  28  -133.004    72.746    41.128   45   30   36   35
  29  -240.251    98.144    42.391   33   20   32   30
  30   -73.330    61.602    42.251   55   35   46   47
  31  -129.640   -17.945    43.534   99   80   90   86
  32   -79.636    61.859    42.198   52   34   44   43
  33   -43.382    60.572    42.227   79   52   63   54
  34   -49.139    60.529    42.283   77   51   64   58
  35   -32.783    60.996    42.104   68   47   58   49
  36   -21.124    60.767    41.987   80   50   60   52
  37   -55.447    60.553    42.287   73   49   61   55
  38   -15.431    60.792    41.963   81   53   62   51
  39    -7.508   101.661    41.647   34   16   20   16
  40  -128.711   -25.277    43.690  104   84   93   89
  41  -104.684    72.672    41.351   49   33   40   36
  42    11.453    61.757    42.813   65   40   52   44
  43  -132.171   -25.337    43.881  106   85   94   90
  44   -42.282     2.797    41.970   95   73   87   83
  45   -27.429    60.987    42.023   69   48   59   50
  46    -5.913    61.950    42.175   62   38   48   41
  47     5.761    61.730    42.558   64   41   51   45
  48   -41.305   101.485    41.490   29   14   23   19
  49   -84.709    61.485    41.877   53   37   47   48
  50    -0.347    61.910    42.341   63   39   49   42
  51   -52.253     2.798    41.941   94   74   86   82
  52   -32.996    33.445    42.328   90   67   81   75
  53   -19.783    32.837    42.552   91   68   82   76
  54   -47.131     2.560    41.936   97   75   88   84
  55  -111.824   101.514    41.859   23   11   19   23
  56   -67.831   100.094    42.755   39   22   29   25
  57   -26.644   101.677    40.561   31   15   21   17
  58     2.069   101.728    40.822   35   18   22   14
  59   -77.083    73.123    42.225   50   29   37   34
  60     6.737   169.855    40.739   13    3    5    3
  61  -116.247   -16.400    43.025   98   78   89   85
  62  -154.762    60.487    40.244   58   44   56   60
  63  -166.163    99.734    41.299   26   17   30   29
  64  -123.199   100.016    40.868   30   19   27   27
  65  -120.042   -25.428    43.281  105   88   95   91
  66  -230.887    58.686    42.953   74   58   74   71
  67  -206.277    58.926    42.639   70   57   72   70
  68  -179.607    58.134    42.014   87   65   78   73
  69   -48.710    73.199    42.288   51   31   38   33
  70    15.342   177.856    40.023    5    0    3    1
  71   -30.133    59.275    42.032   88   64   77   68
  72    -3.242    60.246    42.260   85   61   71   62
  73  -127.066   -19.887    43.421  101   82   92   88
  74   -63.446     1.536    38.692   96   76   85   81
  75   -23.958    74.087    41.845   47   25   35   32
  76  -260.990   160.243    37.281   14    5    6    5
  77     1.880   -25.620    42.281  108   87   99   94
  78   -49.614   101.405    -8.167   40   24   24   20
  79  -264.997   156.645    48.178   17    4    8    7
  80  -248.525   -25.863    49.359  109   83   96   93
  81  -272.689   156.709    60.555   16    1    9    8
  82   -98.201   -31.812    12.470  107   86   98  125
  83  -159.782    60.314    41.924   59   -1   57   61
  84    -2.325   101.367    41.591   38   -1   25   18
  85  -111.559    58.078    41.445   89   -1   80   74
  86     0.735   170.854    41.535   10    2   -1    2
  87  -244.997   -35.523   -54.321  102   92   -1  101
  88  -277.298   104.242    44.044   42   -1   15   12
  89  -261.868   159.064    35.993   12   -1    7    6
  90    22.506   -35.099    25.246  110   90   -1   95
  91  -246.238   184.665    12.918    0   -1    2    0
  92  -258.480   157.839    81.401    8   -1   11    4
  93    13.272   -32.627    30.515  103   89   -1  131
