89
   1   -33.638   137.085    41.352   14    9   10    9
   2    -2.022   137.106    41.541   15   10    9    8
   3  -235.588    71.984    42.684   38   28   38   36
   4  -210.813    72.207    42.642   39   29   37   35
   5  -185.885    71.948    41.730   43   34   39   37
   6  -190.347    58.352    42.150   78   66   72   69
   7  -217.072    59.091    42.819   62   58   63   64
   8  -160.064    72.473    41.841   41   30   35   34
   9  -154.043    60.386    41.854   54   47   52   57
  10   -67.389   100.061    41.719   35   24   25   21
  11  -241.625    58.894    42.983   61   57   64   66
  12  -159.805    60.345    42.015   53   46   53   58
  13  -165.957    60.518    42.069   50   44   49   54
  14  -135.640    60.554    41.513   55   48   51   56
  15   -90.723    31.332    42.263   86   72   79   74
  16  -141.790    60.752    41.573   48   45   46   50
  17  -129.885    60.601    41.447   56   49   50   53
  18   -71.390    30.007    42.127   87   73   80   75
  19   -77.396   100.191    41.706   32   23   22   20
  20  -175.175    99.912    41.323   20   16   24   25
  21  -125.799   101.565    40.873   17   12   16   18
  22   -96.818    59.627    41.783   77   63   66   62
  23  -102.577    59.579    41.637   76   65   65   63
  24  -122.661   -18.030    43.233   94   80   87   83
  25  -120.524   101.752    40.853   16   11   14   17
  26  -114.115    59.647    41.487   72   62   62   61
  27  -108.888    59.819    41.538   70   59   61   60
  28   -36.239   101.830    41.695   22   15   15   11
  29   -67.561    61.641    42.272   52   38   42   43
  30   -41.284   101.454    41.755   24   17   21   15
  31  -240.248    98.145    42.396   27   22   28   27
  32   -73.325    61.601    42.261   49   37   41   44
  33   -84.685    61.460    42.145   51   39   43   45
  34   -43.379    60.569    42.236   73   55   59   51
  35  -133.002    72.747    41.133   40   32   32   32
  36   -49.143    60.529    42.289   71   54   60   55
  37  -129.641   -17.945    43.531   93   79   86   82
  38   -79.635    61.855    42.208   47   36   40   40
  39   -72.252    99.845    41.730   36   26   27   23
  40   -21.128    60.768    41.974   74   53   56   49
  41   -32.784    60.996    42.111   63   50   54   46
  42   -15.427    60.795    41.976   75   56   57   48
  43   -55.445    60.547    42.302   69   52   58   52
  44  -128.705   -25.280    43.691  100   82   89   85
  45    -7.508   101.658    41.675   29   19   18   12
  46  -132.161   -25.336    43.865  102   83   90   86
  47    11.454    61.758    42.826   60   42   48   41
  48  -104.683    72.667    41.352   45   35   36   33
  49   -42.283     2.797    41.970   89   74   83   79
  50   -27.433    60.988    42.018   64   51   55   47
  51     5.764    61.729    42.566   59   43   47   42
  52    -5.913    61.948    42.185   57   40   44   38
  53   -52.256     2.798    41.943   88   75   82   78
  54    -0.350    61.904    42.353   58   41   45   39
  55   -32.988    33.446    42.315   84   70   77   72
  56   -19.784    32.829    42.556   85   71   78   73
  57  -111.441   101.455    42.870   18   13   17   19
  58   -64.419     2.679    42.123   90   76   81   77
  59   -47.131     2.560    41.941   91   77   84   80
  60  -231.368    97.938    43.320   31   25   29   28
  61  -166.542    99.761    42.332   21   20   26   26
  62     1.114   101.648    42.756   30   21   20   13
  63   -77.083    73.124    42.233   44   31   33   31
  64  -116.242   -16.401    43.040   92   78   85   81
  65   -27.099   101.702    41.613   26   18   19   14
  66     6.706   169.870    40.673   10    3    4    2
  67  -120.039   -25.424    43.270  101   84   92   87
  68  -206.275    58.926    42.646   66   60   68   67
  69  -230.885    58.685    42.956   68   61   70   68
  70  -179.612    58.134    42.034   81   68   74   70
  71   -48.708    73.194    42.318   46   33   34   30
  72    15.356   177.858    40.033    3    0    2    1
  73   -30.132    59.274    42.031   82   67   73   65
  74    -3.237    60.242    42.259   79   64   67   59
  75   -23.948    74.072    41.870   42   27   31   29
  76  -262.713   155.586    38.402   12    7    7    6
  77  -119.388   100.515    49.994   19   14   23   24
  78  -261.517   162.250    31.438    6    6    5    4
  79  -253.032   -25.563    32.879   96   81   91   89
  80     7.394   -33.338    23.075   98   85   95  125
  81  -260.077   162.072    37.055    5    4    6    5
  82  -249.938   181.220     2.491    1    1    1    0
  83  -111.557    58.077    41.449   83   -1   76   71
  84  -127.102   -19.894    43.359   95   -1   88   84
  85   -85.272   -25.401    42.402   99   -1   94   88
  86  -125.925   -31.297    16.330  103   -1   93  116
  87  -282.622   100.806    25.360   37   -1   13   10
  88  -260.872   156.998    52.757    4   -1    8    7
  89  -284.249   184.395     0.525    2   -1    0    3
