93
   1   -33.638   137.085    41.354   14    7   10   10
   2    -2.023   137.111    41.556   15    8    9    9
   3  -235.587    71.983    42.701   38   26   43   37
   4  -210.811    72.206    42.641   39   27   42   36
   5  -185.883    71.950    41.727   43   32   44   38
   6  -190.346    58.349    42.136   78   64   77   70
   7  -217.069    59.088    42.829   62   56   68   65
   8  -154.039    60.388    41.870   53   45   57   58
   9  -165.954    60.519    42.070   50   43   54   54
  10   -67.385   100.064    41.732   35   22   28   22
  11  -159.800    60.345    42.023   54   44   58   59
  12  -241.626    58.894    42.987   61   55   69   67
  13  -135.642    60.551    41.515   56   46   56   57
  14   -90.722    31.335    42.266   86   70   84   77
  15  -160.061    72.468    41.854   41   28   41   35
  16  -129.886    60.600    41.444   55   47   55   55
  17  -125.863   101.599    40.876   17   10   17   19
  18  -141.788    60.751    41.578   48   42   51   51
  19   -77.396   100.189    41.703   32   21   25   21
  20   -71.387    30.004    42.124   87   71   85   78
  21  -175.174    99.912    41.322   20   13   27   26
  22   -96.817    59.625    41.783   77   61   71   63
  23  -102.578    59.575    41.644   76   63   70   64
  24  -120.524   101.755    40.860   16    9   16   18
  25  -122.656   -18.027    43.246   94   78   92   87
  26  -114.116    59.649    41.498   72   60   67   62
  27  -108.889    59.817    41.549   70   57   66   61
  28   -36.238   101.827    41.710   22   12   18   12
  29   -67.563    61.641    42.267   52   35   47   44
  30   -73.324    61.602    42.256   49   36   46   45
  31   -84.682    61.464    42.145   51   37   48   46
  32   -41.289   101.453    41.773   25   14   23   16
  33  -132.998    72.742    41.137   40   30   37   33
  34  -240.252    98.141    42.415   27   20   32   28
  35   -49.141    60.529    42.301   71   52   65   56
  36  -129.645   -17.941    43.544   93   77   91   86
  37   -43.380    60.570    42.235   73   53   64   52
  38   -72.254    99.845    41.724   36   24   30   23
  39   -79.636    61.857    42.208   47   34   45   41
  40   -15.427    60.792    41.998   75   54   62   49
  41   -21.126    60.767    42.010   74   51   61   50
  42   -55.443    60.547    42.306   68   50   63   53
  43   -32.784    60.990    42.124   63   48   59   47
  44  -128.702   -25.284    43.700   99   81   95   89
  45  -132.171   -25.340    43.888  101   82   96   90
  46  -104.686    72.670    41.353   44   33   40   34
  47    -7.508   101.661    41.682   29   16   20   13
  48    11.451    61.758    42.826   60   40   53   42
  49   -27.430    60.982    42.032   64   49   60   48
  50     5.760    61.729    42.583   59   41   52   43
  51    -5.913    61.946    42.192   57   38   49   39
  52   -52.250     2.796    41.944   89   73   87   81
  53    -0.350    61.908    42.352   58   39   50   40
  54   -32.994    33.445    42.363   84   68   82   75
  55   -19.777    32.829    42.570   85   69   83   76
  56  -231.363    97.938    43.322   31   23   33   29
  57  -111.821   101.512    41.876   18   11   19   20
  58     1.116   101.648    42.760   30   18   22   14
  59   -26.638   101.675    40.580   26   15   21   15
  60   -77.085    73.124    42.242   45   29   38   32
  61   -42.632     2.808    40.933   90   74   88   83
  62  -120.400   -25.358    44.212  100   83   97   91
  63  -116.242   -16.403    43.047   92   76   90   85
  64  -178.947    58.237    40.359   81   66   79   71
  65  -166.161    99.731    41.308   21   17   29   27
  66     6.711   169.865    40.789   11    3    4    2
  67  -123.198   100.017    40.869   24   19   26   25
  68  -230.890    58.682    42.964   69   59   75   69
  69  -206.279    58.925    42.658   65   58   73   68
  70   -48.710    73.194    42.312   46   31   39   31
  71   -30.132    59.272    42.035   82   65   78   66
  72    15.358   177.859    39.987    3    0    2    1
  73    -3.241    60.241    42.283   79   62   72   60
  74   -65.252     3.828    45.652   88   72   86   82
  75   -23.948    74.076    41.846   42   25   36   30
  76  -261.034   160.274    37.177   12    6    5    4
  77   -50.207     1.728    28.395   91   75   89   84
  78  -264.980   156.655    47.855   13    4    7    7
  79  -248.621   -25.718    49.025  104   80   94   93
  80  -262.605   163.523    46.502    7    1    6    3
  81     5.619   -27.769    26.520  102   84   99   94
  82  -136.249   -19.600    22.988   95   79   93   88
  83  -183.943    58.071    41.983   80   -1   80   72
  84   -31.092   101.357    41.573   28   -1   24   17
  85  -111.552    58.078    41.462   83   -1   81   73
  86   -85.292   -25.407    42.445   98   -1   98   92
  87  -278.214    97.321    38.714   37   -1   35   11
  88  -247.239   -35.739   -44.295   96   88   -1  104
  89    37.373   -34.749   -25.616   97   86   -1  142
  90  -245.287   182.843    17.021    1   -1    1    0
  91  -265.275   158.918    50.192   10   -1    8    5
  92    30.724   -32.748   -10.799  105   85   -1  118
  93  -290.823   181.482   -22.341    2   -1    0    6
