92
   1   -33.640   137.084    41.350   14    7   10   10
   2    -2.024   137.110    41.559   15    8    9    9
   3  -235.587    71.985    42.689   38   26   43   37
   4  -210.811    72.205    42.642   39   27   42   36
   5  -185.883    71.948    41.736   43   32   44   38
   6  -190.346    58.349    42.133   78   64   77   70
   7  -217.069    59.089    42.823   62   56   68   65
   8  -165.954    60.519    42.070   50   43   54   54
   9  -154.041    60.388    41.867   54   45   57   58
  10  -159.800    60.346    42.020   53   44   58   59
  11  -241.625    58.894    42.987   61   55   69   67
  12   -67.387   100.063    41.728   35   22   28   22
  13   -90.724    31.334    42.266   86   70   84   77
  14  -160.059    72.468    41.862   41   28   41   35
  15  -135.641    60.552    41.509   55   46   56   57
  16  -129.885    60.600    41.448   56   47   55   55
  17  -141.789    60.750    41.576   48   42   51   51
  18  -125.863   101.600    40.873   17   10   17   19
  19   -77.395   100.191    41.698   32   21   25   21
  20   -71.387    30.003    42.127   87   71   85   78
  21  -175.176    99.912    41.319   20   13   27   26
  22   -96.818    59.625    41.782   77   61   71   63
  23  -102.577    59.576    41.643   76   63   70   64
  24  -120.524   101.755    40.860   16    9   16   18
  25  -122.658   -18.027    43.241   94   78   92   87
  26  -114.117    59.649    41.497   72   60   67   62
  27  -108.887    59.818    41.544   70   57   66   61
  28   -36.236   101.829    41.704   22   12   18   12
  29   -67.563    61.642    42.266   52   35   47   44
  30   -41.289   101.455    41.757   24   14   23   16
  31   -84.685    61.462    42.146   51   37   48   46
  32   -73.324    61.602    42.256   49   36   46   45
  33  -240.250    98.145    42.400   27   20   32   28
  34  -132.997    72.743    41.133   40   30   37   33
  35   -43.378    60.570    42.241   73   53   64   52
  36   -49.142    60.529    42.293   71   52   65   56
  37   -79.637    61.856    42.214   47   34   45   41
  38  -129.644   -17.941    43.544   93   77   91   86
  39   -72.255    99.844    41.724   36   24   30   23
  40   -21.124    60.768    42.011   74   51   61   50
  41   -15.427    60.794    41.984   75   54   62   49
  42   -32.783    60.992    42.118   63   48   59   47
  43   -55.445    60.547    42.304   69   50   63   53
  44  -128.701   -25.283    43.695  100   81   95   89
  45  -104.688    72.669    41.351   45   33   40   34
  46    11.453    61.759    42.824   60   40   53   42
  47    -7.510   101.659    41.681   29   16   20   13
  48  -132.167   -25.335    43.873  102   82   96   90
  49   -27.430    60.983    42.027   64   49   60   48
  50     5.759    61.728    42.577   59   41   52   43
  51    -5.914    61.945    42.190   57   38   49   39
  52   -52.252     2.795    41.945   88   73   87   81
  53    -0.352    61.906    42.361   58   39   50   40
  54   -32.993    33.447    42.346   84   68   82   75
  55   -19.781    32.825    42.586   85   69   83   76
  56  -231.366    97.938    43.315   31   23   33   29
  57  -111.823   101.511    41.869   18   11   19   20
  58     1.117   101.649    42.756   30   18   22   14
  59   -26.640   101.675    40.574   26   15   21   15
  60   -77.087    73.124    42.233   44   29   38   32
  61   -42.636     2.806    40.928   89   74   88   83
  62  -120.398   -25.356    44.197  101   83   97   91
  63  -116.242   -16.402    43.039   92   76   90   85
  64  -178.945    58.239    40.355   81   66   79   71
  65     6.694   169.869    40.711   10    3    4    2
  66  -166.159    99.732    41.309   21   17   29   27
  67  -123.200   100.017    40.864   25   19   26   25
  68  -230.889    58.683    42.962   68   59   75   69
  69  -206.280    58.926    42.649   66   58   73   68
  70   -48.708    73.195    42.311   46   31   39   31
  71    15.365   177.859    40.009    3    0    2    1
  72   -30.131    59.273    42.030   82   65   78   66
  73    -3.242    60.242    42.273   79   62   72   60
  74   -65.303     3.769    45.900   90   72   86   82
  75   -23.950    74.075    41.843   42   25   36   30
  76  -262.577   158.758    35.646   12    6    5    5
  77   -50.206     1.728    28.396   91   75   89   84
  78  -261.942   161.463    40.211    6    4    7    4
  79  -253.065   -25.486    32.753   96   80   94   93
  80     5.710   -27.693    26.228   98   84   99   94
  81  -136.251   -19.600    22.979   95   79   93   88
  82  -263.013   164.277    58.560    4    1    8    3
  83  -183.942    58.071    41.986   80   -1   80   72
  84   -31.093   101.360    41.567   28   -1   24   17
  85  -111.555    58.077    41.453   83   -1   81   73
  86   -85.297   -25.404    42.424   99   -1   98   92
  87  -278.157    97.327    38.880   37   -1   35   11
  88    37.403   -34.743   -25.598   97   86   -1  142
  89  -245.272   182.764    17.121    1   -1    1    0
  90    30.772   -32.737   -10.749  104   85   -1  118
  91  -261.447   160.235    39.428    5   -1    6    7
  92  -290.826   181.537   -22.385    2   -1    0    6
