80
  -1   -2   -164.647     38.586     -3.264 4
  -1   -2   -164.343     88.596     -2.848 4
  -1   -2   -134.610    134.125     -2.249 4
   3   -2   -235.010    125.378    -22.291 4
   4   -2   -234.233    149.842    -22.004 4
  -1   -2   -164.754    144.226     -1.922 4
   7   -2    -44.586    103.819    -31.699 4
   6   -2   -235.053    107.634    -22.771 4
   8   -2    -44.328      5.616    -33.086 4
  10   -2   -204.326     13.759     57.082 4
   9   -2    -84.313    162.780     58.605 4
  12   -2   -204.545     74.227     58.113 4
  11   -2    -84.250    103.480     57.409 4
  13   -2    -54.673    149.305     78.356 4
  -1   -2   -133.680     52.018     -3.176 4
  15   -2   -214.505    116.285    -41.760 4
  -1   -2   -164.822     18.793     -2.997 4
  17   -2   -205.699    -26.878     57.825 4
  18   -2   -235.074     74.576    -22.334 4
  19   -2   -234.027     59.182     76.281 4
  20   -2    -84.399     10.716     57.088 4
  -1   -2   -164.753    -31.275     -3.664 4
  21   -2   -205.113    165.308     57.926 4
  23   -2   -214.424     35.917    -42.497 4
  24   -2    -84.399     52.039     57.278 4
  -1   -2   -133.425     16.102     -3.443 4
  26   -2   -234.709     80.736     76.279 4
  27   -2    -54.168    169.300     76.956 4
  28   -2    -44.855    -28.438    -33.464 4
  29   -2   -234.700    -25.596    -23.129 4
  30   -2    -53.759     -7.677     76.828 4
  31   -2    -84.109    140.629     57.087 4
  32   -2   -234.623     -9.593     74.928 4
  -1   -2   -164.582    108.453     -3.198 4
  34   -2    -44.805     83.742    -32.724 4
  -1   -2   -133.917     94.047     -3.027 4
  36   -2    -45.019     44.451    -33.363 4
  -1   -2   -164.976    165.187     -3.096 4
  40   -2   -235.207     53.140    -22.811 4
  39   -2   -235.425      1.958     73.006 4
  38   -2   -204.814    123.503     57.483 4
  41   -2   -204.851     63.071     57.552 4
  42   -2    -44.952    132.096    -32.521 4
  43   -2   -214.565     64.344    -42.983 4
  44   -2    -54.363     62.630     76.755 4
  45   -2    -44.281    181.554    -30.099 4
  46   -2    -34.699    -25.861     17.301 4
  47   -2    -84.260     32.768     57.216 4
  48   -2   -234.431     23.667    -23.046 4
  49   -2    -53.826     43.294     76.294 4
  50   -2   -234.808    170.346     76.311 4
  -1   -2   -136.512    -15.722     -1.426 4
  -1   -2   -135.097     -3.470     -1.845 4
  53   -2    -53.613    102.406     77.452 4
  54   -2   -216.227    -30.174    -22.277 4
  -1   -2   -210.767      1.543    -62.703 4
  56   -2   -234.710     47.895    -23.192 4
  -1   -2   -214.598    124.866    -42.369 4
  -1   -2   -133.477     24.202     -3.317 4
  -1   -2    -66.272    -23.259    -19.337 4
  -1   -2    -45.024     -4.233    -33.070 4
  -1   -2    -34.922    122.763     14.203 4
  -1   -2    -34.380    144.656     17.808 4
  63   -2   -212.439    -16.107    -37.563 4
  -1   -2   -164.914    137.778     -3.648 4
   0   -2   -164.647     38.586     -3.264 2
   1   -2   -164.343     88.596     -2.848 2
   2   -2   -134.610    134.125     -2.249 2
   5   -2   -164.754    144.226     -1.922 2
  14   -2   -133.680     52.018     -3.176 2
  16   -2   -164.822     18.793     -2.997 2
  22   -2   -164.753    -31.275     -3.664 2
  25   -2   -133.425     16.102     -3.443 2
  33   -2   -164.582    108.453     -3.198 2
  35   -2   -133.917     94.047     -3.027 2
  37   -2   -164.976    165.187     -3.096 2
  52   -2   -135.097     -3.470     -1.845 2
  51   -2   -136.512    -15.722     -1.426 2
  62   -2   -133.477     24.202     -3.317 2
  64   -2   -165.258    137.683     -4.806 2
