65
   0   65   -164.636     38.582     -3.248 4
   1   66   -164.334     88.594     -2.836 4
   3   67   -134.609    134.123     -2.247 4
   2    3   -235.011    125.376    -22.273 4
   4    4   -234.238    149.839    -21.994 4
   5   68   -164.746    144.225     -1.917 4
   6    7   -235.058    107.631    -22.761 4
   7    6    -44.587    103.816    -31.689 4
   8    8    -44.329      5.614    -33.089 4
   9   10    -84.315    162.778     58.614 4
  10    9   -204.330     13.757     57.094 4
  12   12    -84.253    103.476     57.423 4
  11   11   -204.548     74.225     58.118 4
  13   13    -54.674    149.301     78.371 4
  14   69   -133.679     52.016     -3.185 4
  15   15   -214.505    116.281    -41.751 4
  16   70   -164.813     18.790     -2.979 4
  18   17   -205.703    -26.880     57.830 4
  17   18   -235.076     74.570    -22.322 4
  19   19   -234.025     59.178     76.280 4
  20   20    -84.403     10.713     57.092 4
  21   22   -205.118    165.306     57.936 4
  22   71   -164.751    -31.278     -3.649 4
  23   23   -214.425     35.914    -42.487 4
  24   24    -84.401     52.036     57.293 4
  26   72   -133.428     16.101     -3.450 4
  25   26   -234.710     80.734     76.283 4
  27   27    -54.170    169.297     76.956 4
  28   28    -44.855    -28.441    -33.463 4
  29   29   -234.709    -25.598    -23.106 4
  30   30    -53.759     -7.681     76.838 4
  32   31    -84.116    140.621     57.109 4
  31   32   -234.623     -9.596     74.918 4
  33   73   -164.578    108.452     -3.185 4
  34   34    -44.812     83.736    -32.709 4
  35   74   -133.915     94.043     -3.021 4
  36   36    -45.022     44.451    -33.368 4
  37   75   -164.967    165.179     -3.073 4
  38   40   -204.814    123.499     57.495 4
  40   39   -235.424      1.954     73.003 4
  39   38   -235.209     53.135    -22.792 4
  41   41   -204.851     63.070     57.564 4
  42   42    -44.950    132.094    -32.508 4
  44   43   -214.567     64.339    -42.959 4
  43   44    -54.364     62.628     76.773 4
  45   45    -44.282    181.552    -30.102 4
  46   46    -34.702    -25.863     17.309 4
  47   47    -84.264     32.765     57.214 4
  48   48   -234.441     23.663    -23.020 4
  49   49    -53.826     43.291     76.308 4
  50   50   -234.812    170.346     76.312 4
  52   77   -136.507    -15.726     -1.430 4
  51   76   -135.111     -3.475     -1.890 4
  53   53    -53.610    102.405     77.446 4
  54   54   -216.227    -30.176    -22.279 4
  -1   -2   -210.767      1.541    -62.692 4
  57   56   -234.720     47.882    -23.202 4
  -1   -2    -66.271    -23.264    -19.338 4
  -1   -2   -214.611    124.882    -42.405 4
  -1   -2    -45.058     -4.206    -32.949 4
  -1   -2    -34.745    122.765     13.515 4
  -1   -2    -36.269    130.845     59.234 4
  59   78   -133.430     24.154     -3.462 4
  63   63   -212.434    -16.104    -37.543 4
  64   79   -164.933    137.744     -3.762 4
