65
  -1    0   -164.626     38.582     -3.250
  -1    1   -164.322     88.591     -2.826
  -1    3   -235.013    125.371    -22.256
  -1    2   -134.606    134.120     -2.244
  -1    4   -234.236    149.837    -21.976
  -1    5   -164.735    144.221     -1.907
  -1    6   -235.057    107.630    -22.753
  -1    7    -44.585    103.814    -31.689
  -1    8    -44.326      5.613    -33.078
  -1    9    -84.314    162.776     58.622
  -1   10   -204.336     13.754     57.099
  -1   12   -204.552     74.221     58.128
  -1   11    -84.254    103.474     57.426
  -1   13    -54.672    149.299     78.374
  -1   14   -133.677     52.014     -3.179
  -1   15   -214.502    116.277    -41.747
  -1   16   -164.801     18.785     -2.970
  -1   18   -235.078     74.569    -22.312
  -1   17   -205.707    -26.883     57.837
  -1   19   -234.022     59.176     76.276
  -1   20    -84.404     10.711     57.100
  -1   21   -205.119    165.302     57.933
  -1   22   -164.744    -31.281     -3.641
  -1   23   -214.420     35.911    -42.476
  -1   24    -84.400     52.033     57.305
  -1   26   -234.704     80.732     76.284
  -1   25   -133.425     16.096     -3.452
  -1   27    -54.169    169.293     76.972
  -1   28    -44.854    -28.444    -33.459
  -1   29   -234.714    -25.601    -23.092
  -1   30    -53.755     -7.684     76.853
  -1   32   -234.618     -9.600     74.919
  -1   31    -84.115    140.619     57.126
  -1   33   -164.561    108.447     -3.181
  -1   34    -44.809     83.730    -32.698
  -1   35   -133.916     94.035     -3.028
  -1   36    -45.020     44.445    -33.357
  -1   37   -164.958    165.163     -3.061
  -1   38   -204.812    123.494     57.490
  -1   40   -235.212     53.134    -22.759
  -1   39   -235.421      1.953     73.003
  -1   41   -204.856     63.066     57.558
  -1   42    -44.951    132.088    -32.522
  -1   44    -54.362     62.626     76.776
  -1   43   -214.564     64.335    -42.965
  -1   45    -44.282    181.547    -30.096
  -1   46    -34.699    -25.864     17.308
  -1   47    -84.261     32.762     57.244
  -1   48   -234.440     23.659    -23.008
  -1   49    -53.825     43.287     76.320
  -1   50   -234.806    170.341     76.314
  -1   52   -135.099     -3.475     -1.883
  -1   51   -136.495    -15.730     -1.450
  -1   53    -53.609    102.401     77.444
  -1   54   -216.226    -30.179    -22.274
  -1   -2   -210.763      1.535    -62.692
  -1   -2    -33.956    119.564     17.575
  -1   56   -234.717     47.870    -23.196
  -1   -2    -66.273    -23.264    -19.340
  -1   62   -133.330     23.914     -4.099
  -1   -2    -45.032     -4.282    -32.992
  -1   -2    -31.314    128.450     35.235
  -1   -2   -214.561    124.835    -42.437
  -1   63   -212.429    -16.116    -37.525
  -1   64   -164.829    137.804     -3.365
