65
   0   65   -164.636     38.582     -3.248
   1   66   -164.334     88.594     -2.836
   3   67   -134.609    134.123     -2.247
   2    3   -235.011    125.376    -22.273
   4    4   -234.238    149.839    -21.994
   5   68   -164.746    144.225     -1.917
   6    7   -235.058    107.631    -22.761
   7    6    -44.587    103.816    -31.689
   8    8    -44.329      5.614    -33.089
   9   10    -84.315    162.778     58.614
  10    9   -204.330     13.757     57.094
  12   12    -84.253    103.476     57.423
  11   11   -204.548     74.225     58.118
  13   13    -54.674    149.301     78.371
  14   69   -133.679     52.016     -3.185
  15   15   -214.505    116.281    -41.751
  16   70   -164.813     18.790     -2.979
  18   17   -205.703    -26.880     57.830
  17   18   -235.076     74.570    -22.322
  19   19   -234.025     59.178     76.280
  20   20    -84.403     10.713     57.092
  21   22   -205.118    165.306     57.936
  22   71   -164.751    -31.278     -3.649
  23   23   -214.425     35.914    -42.487
  24   24    -84.401     52.036     57.293
  26   72   -133.428     16.101     -3.450
  25   26   -234.710     80.734     76.283
  27   27    -54.170    169.297     76.956
  28   28    -44.855    -28.441    -33.463
  29   29   -234.709    -25.598    -23.106
  30   30    -53.759     -7.681     76.838
  32   31    -84.116    140.621     57.109
  31   32   -234.623     -9.596     74.918
  33   73   -164.578    108.452     -3.185
  34   34    -44.812     83.736    -32.709
  35   74   -133.915     94.043     -3.021
  36   36    -45.022     44.451    -33.368
  37   75   -164.967    165.179     -3.073
  38   40   -204.814    123.499     57.495
  40   39   -235.424      1.954     73.003
  39   38   -235.209     53.135    -22.792
  41   41   -204.851     63.070     57.564
  42   42    -44.950    132.094    -32.508
  44   43   -214.567     64.339    -42.959
  43   44    -54.364     62.628     76.773
  45   45    -44.282    181.552    -30.102
  46   46    -34.702    -25.863     17.309
  47   47    -84.264     32.765     57.214
  48   48   -234.441     23.663    -23.020
  49   49    -53.826     43.291     76.308
  50   50   -234.812    170.346     76.312
  52   77   -136.507    -15.726     -1.430
  51   76   -135.111     -3.475     -1.890
  53   53    -53.610    102.405     77.446
  54   54   -216.227    -30.176    -22.279
  -1   -2   -210.767      1.541    -62.692
  57   56   -234.720     47.882    -23.202
  -1   -2    -66.271    -23.264    -19.338
  -1   -2   -214.611    124.882    -42.405
  -1   -2    -45.058     -4.206    -32.949
  -1   -2    -34.745    122.765     13.515
  -1   -2    -36.269    130.845     59.234
  59   78   -133.430     24.154     -3.462
  63   63   -212.434    -16.104    -37.543
  64   79   -164.933    137.744     -3.762
