65
   1  -164.636    38.582    -3.248   42   41   47   43
   2  -164.334    88.594    -2.836   27   26   32   28
   3  -134.609   134.123    -2.247   12   11   17   14
   4  -235.011   125.376   -22.273   15   15   19   18
   5  -234.238   149.839   -21.994    7    7   10   11
   6  -164.746   144.225    -1.917    8   10   11   12
   7  -235.058   107.631   -22.761   20   21   25   24
   8   -44.587   103.816   -31.689   22   22   27   25
   9   -44.329     5.614   -33.089   50   52   56   56
  10   -84.315   162.778    58.614    6    4    9    6
  11  -204.330    13.757    57.094   51   47   57   49
  12   -84.253   103.476    57.423   23   19   28   21
  13  -204.548    74.225    58.118   32   27   37   30
  14   -54.674   149.301    78.371    9    6   13    8
  15  -133.679    52.016    -3.185   36   35   41   38
  16  -214.505   116.281   -41.751   16   17   22   22
  17  -164.813    18.790    -2.979   47   48   53   50
  18  -205.703   -26.880    57.830   65   62   72   65
  19  -235.076    74.570   -22.322   29   29   34   32
  20  -234.025    59.178    76.280   38   32   43   35
  21   -84.403    10.713    57.092   52   50   58   52
  22  -205.118   165.306    57.936    4    2    8    5
  23  -164.751   -31.278    -3.649   63   68   70   71
  24  -214.425    35.914   -42.487   41   44   46   45
  25   -84.401    52.036    57.293   40   34   45   37
  26  -133.428    16.101    -3.450   48   49   54   51
  27  -234.710    80.734    76.283   30   25   35   27
  28   -54.170   169.297    76.956    5    1    6    2
  29   -44.855   -28.441   -33.463   61   67   69   72
  30  -234.709   -25.598   -23.106   60   65   68   69
  31   -53.759    -7.681    76.838   58   53   67   57
  32   -84.116   140.621    57.109   11    8   15    9
  33  -234.623    -9.596    74.918   59   55   66   58
  34  -164.578   108.452    -3.185   21   20   26   23
  35   -44.812    83.736   -32.709   28   28   33   31
  36  -133.915    94.043    -3.021   24   24   30   26
  37   -45.022    44.451   -33.368   39   39   44   42
  38  -164.967   165.179    -3.073    3    5    5    7
  39  -204.814   123.499    57.495   18   12   23   15
  40  -235.424     1.954    73.003   56   51   63   54
  41  -235.209    53.135   -22.792   33   36   39   39
  42  -204.851    63.070    57.564   34   31   38   34
  43   -44.950   132.094   -32.508   13   13   16   16
  44  -214.567    64.339   -42.959   31   33   36   36
  45   -54.364    62.628    76.773   35   30   40   33
  46   -44.282   181.552   -30.102    0    3    2    4
  47   -34.702   -25.863    17.309   62   64   71   68
  48   -84.264    32.765    57.214   45   42   51   44
  49  -234.441    23.663   -23.020   44   46   50   47
  50   -53.826    43.291    76.308   43   37   49   40
  51  -234.812   170.346    76.312    2    0    7    3
  52  -136.507   -15.726    -1.430   57   58   64   62
  53  -135.111    -3.475    -1.890   54   54   60   59
  54   -53.610   102.405    77.446   25   18   31   20
  55  -216.227   -30.176   -22.279   66   66   65   70
  56  -210.767     1.541   -62.692   49   59   55   55
  57  -234.720    47.882   -23.202   37   38   42   41
  58   -66.271   -23.264   -19.338   64   60   61   67
  59  -214.611   124.882   -42.405   14   16   18   19
  60   -45.058    -4.206   -32.949   53   56   59   60
  61   -34.745   122.765    13.515   17   14   21   17
  62   -36.269   130.845    59.234   19    9   24   10
  63  -133.430    24.154    -3.462   46   -1   52   46
  64  -212.434   -16.104   -37.543   -1   61   62   63
  65  -164.933   137.744    -3.762   10   -1   14   13
