80
   1  -164.647    38.586    -3.264   41   43   48   45
   2  -164.343    88.596    -2.848   26   27   32   29
   3  -134.610   134.125    -2.249   12   11   17   14
   4  -235.010   125.378   -22.291   15   15   19   19
   5  -234.233   149.842   -22.004    7    7   10   11
   6  -164.754   144.226    -1.922    8   10   11   12
   7   -44.586   103.819   -31.699   21   23   27   26
   8  -235.053   107.634   -22.771   19   22   25   25
   9   -44.328     5.616   -33.086   49   55   57   58
  10  -204.326    13.759    57.082   50   50   58   51
  11   -84.313   162.780    58.605    6    4    9    6
  12  -204.545    74.227    58.113   31   28   38   31
  13   -84.250   103.480    57.409   22   20   28   22
  14   -54.673   149.305    78.356    9    6   13    8
  15  -133.680    52.018    -3.176   35   36   42   40
  16  -214.505   116.285   -41.760   16   18   22   23
  17  -164.822    18.793    -2.997   46   51   54   52
  18  -205.699   -26.878    57.825   64   64   73   66
  19  -235.074    74.576   -22.334   28   30   35   33
  20  -234.027    59.182    76.281   37   33   44   36
  21   -84.399    10.716    57.088   51   53   59   54
  22  -164.753   -31.275    -3.664   62   70   71   72
  23  -205.113   165.308    57.926    4    2    8    5
  24  -214.424    35.917   -42.497   40   46   47   47
  25   -84.399    52.039    57.278   39   35   46   38
  26  -133.425    16.102    -3.443   47   52   55   53
  27  -234.709    80.736    76.279   29   26   36   28
  28   -54.168   169.300    76.956    5    1    6    2
  29   -44.855   -28.438   -33.464   60   69   70   73
  30  -234.700   -25.596   -23.129   59   67   69   70
  31   -53.759    -7.677    76.828   57   56   68   59
  32   -84.109   140.629    57.087   11    8   15    9
  33  -234.623    -9.593    74.928   58   58   67   60
  34  -164.582   108.453    -3.198   20   21   26   24
  35   -44.805    83.742   -32.724   27   29   33   32
  36  -133.917    94.047    -3.027   23   25   30   27
  37   -45.019    44.451   -33.363   38   41   45   44
  38  -164.976   165.187    -3.096    3    5    5    7
  39  -235.207    53.140   -22.811   32   37   40   41
  40  -235.425     1.958    73.006   55   54   64   55
  41  -204.814   123.503    57.483   18   12   23   15
  42  -204.851    63.071    57.552   33   32   39   35
  43   -44.952   132.096   -32.521   13   13   16   16
  44  -214.565    64.344   -42.983   30   34   37   37
  45   -54.363    62.630    76.755   34   31   41   34
  46   -44.281   181.554   -30.099    0    3    2    4
  47   -34.699   -25.861    17.301   61   65   72   69
  48   -84.260    32.768    57.216   44   44   52   46
  49  -234.431    23.667   -23.046   43   49   51   49
  50   -53.826    43.294    76.294   42   39   50   42
  51  -234.808   170.346    76.311    2    0    7    3
  52  -136.512   -15.722    -1.426   56   60   65   63
  53  -135.097    -3.470    -1.845   53   57   61   61
  54   -53.613   102.406    77.452   24   19   31   21
  55  -216.227   -30.174   -22.277   65   68   66   71
  56  -210.767     1.543   -62.703   48   61   56   57
  57  -234.710    47.895   -23.192   36   40   43   43
  58  -214.598   124.866   -42.369   14   17   18   20
  59  -133.477    24.202    -3.317   45   48   53   48
  60   -66.272   -23.259   -19.337   63   62   62   68
  61   -45.024    -4.233   -33.070   52   59   60   62
  62   -34.922   122.763    14.203   17   14   21   18
  63   -34.380   144.656    17.808   -1    9   12   10
  64  -212.439   -16.107   -37.563   -1   63   63   64
  65  -164.914   137.778    -3.648   10   -1   14   13
  66  -164.647    38.586    -3.264   41   43   48   45
  67  -164.343    88.596    -2.848   26   27   32   29
  68  -134.610   134.125    -2.249   12   11   17   14
  69  -164.754   144.226    -1.922    8   10   11   12
  70  -133.680    52.018    -3.176   35   36   42   40
  71  -164.822    18.793    -2.997   46   51   54   52
  72  -164.753   -31.275    -3.664   62   70   71   72
  73  -133.425    16.102    -3.443   47   52   55   53
  74  -164.582   108.453    -3.198   20   21   26   24
  75  -133.917    94.047    -3.027   23   25   30   27
  76  -164.976   165.187    -3.096    3    5    5    7
  77  -135.097    -3.470    -1.845   53   57   61   61
  78  -136.512   -15.722    -1.426   56   60   65   63
  79  -133.477    24.202    -3.317   45   48   53   48
  80  -165.258   137.683    -4.806   -1   -1   14   13
