65
   1  -164.626    38.582    -3.250   42   43   48   43
   2  -164.322    88.591    -2.826   27   27   32   28
   3  -235.013   125.371   -22.256   15   15   19   19
   4  -134.606   134.120    -2.244   12   11   17   14
   5  -234.236   149.837   -21.976    7    7   10   11
   6  -164.735   144.221    -1.907    8   10   11   12
   7  -235.057   107.630   -22.753   20   22   25   24
   8   -44.585   103.814   -31.689   22   23   27   25
   9   -44.326     5.613   -33.078   50   56   57   56
  10   -84.314   162.776    58.622    6    4    9    6
  11  -204.336    13.754    57.099   51   51   58   49
  12  -204.552    74.221    58.128   32   28   38   30
  13   -84.254   103.474    57.426   23   20   28   21
  14   -54.672   149.299    78.374    9    6   13    8
  15  -133.677    52.014    -3.179   36   36   42   38
  16  -214.502   116.277   -41.747   16   18   22   22
  17  -164.801    18.785    -2.970   47   52   54   50
  18  -235.078    74.569   -22.312   29   30   35   32
  19  -205.707   -26.883    57.837   65   65   73   64
  20  -234.022    59.176    76.276   38   33   44   35
  21   -84.404    10.711    57.100   52   54   59   52
  22  -205.119   165.302    57.933    4    2    8    5
  23  -164.744   -31.281    -3.641   63   70   71   70
  24  -214.420    35.911   -42.476   41   46   47   45
  25   -84.400    52.033    57.305   40   35   46   37
  26  -234.704    80.732    76.284   30   26   36   27
  27  -133.425    16.096    -3.452   48   53   55   51
  28   -54.169   169.293    76.972    5    1    6    2
  29   -44.854   -28.444   -33.459   61   69   70   71
  30  -234.714   -25.601   -23.092   60   67   69   68
  31   -53.755    -7.684    76.853   58   57   68   57
  32  -234.618    -9.600    74.919   59   59   67   58
  33   -84.115   140.619    57.126   11    8   15    9
  34  -164.561   108.447    -3.181   21   21   26   23
  35   -44.809    83.730   -32.698   28   29   33   31
  36  -133.916    94.035    -3.028   24   25   30   26
  37   -45.020    44.445   -33.357   39   41   45   42
  38  -164.958   165.163    -3.061    3    5    5    7
  39  -204.812   123.494    57.490   18   12   23   15
  40  -235.212    53.134   -22.759   33   37   40   39
  41  -235.421     1.953    73.003   56   55   64   53
  42  -204.856    63.066    57.558   34   32   39   34
  43   -44.951   132.088   -32.522   13   13   16   16
  44   -54.362    62.626    76.776   35   31   41   33
  45  -214.564    64.335   -42.965   31   34   37   36
  46   -44.282   181.547   -30.096    0    3    2    4
  47   -34.699   -25.864    17.308   62   66   72   67
  48   -84.261    32.762    57.244   45   44   52   44
  49  -234.440    23.659   -23.008   44   50   51   48
  50   -53.825    43.287    76.320   43   39   50   40
  51  -234.806   170.341    76.314    2    0    7    3
  52  -135.099    -3.475    -1.883   54   58   61   59
  53  -136.495   -15.730    -1.450   57   61   65   61
  54   -53.609   102.401    77.444   25   19   31   20
  55  -216.226   -30.179   -22.274   66   68   66   69
  56  -210.763     1.535   -62.692   49   62   56   55
  57   -33.956   119.564    17.575   19   16   24   18
  58  -234.717    47.870   -23.196   37   40   43   41
  59   -66.273   -23.264   -19.340   64   63   62   66
  60  -133.330    23.914    -4.099   46   49   53   46
  61   -45.032    -4.282   -32.992   53   60   60   60
  62   -31.314   128.450    35.235   17   14   21   10
  63  -214.561   124.835   -42.437   14   17   18   -1
  64  -212.429   -16.116   -37.525   -1   64   63   62
  65  -164.829   137.804    -3.365   10   -1   14   13
