172
  -1   -2   -241.963     69.723      2.827 4
  -1   -2   -217.238     69.908      2.266 4
  -1   -2    -40.075    134.114      1.641 4
  -1   -2     -8.574    134.169      2.331 4
  -1   -2   -192.357     69.531      2.141 4
  -1   -2    -42.874     98.839      1.566 4
  -1   -2    -73.938     97.168      1.058 4
  -1   -2    -32.975     98.592      1.718 4
  -1   -2   -117.022     98.713      1.076 4
  -1   -2    -78.300     27.248      1.871 4
  -1   -2   -166.609     69.953      2.065 4
  -1   -2   -136.496     57.988      1.748 4
  -1   -2    -97.548     28.620      1.635 4
  -1   -2   -184.701     55.702      2.328 4
  -1   -2    -83.950     97.357      1.220 4
  -1   -2   -246.445     95.820      2.485 4
  -1   -2   -103.485     56.872      1.698 4
  -1   -2   -190.463     55.692      2.346 4
  -1   -2   -142.244     57.968      1.865 4
  -1   -2    -37.826     98.360      1.625 4
  -1   -2   -160.596     57.864      2.081 4
  -1   -2   -181.532     97.318      1.276 4
  -1   -2   -132.301     98.899      1.415 4
  -1   -2   -166.352     57.838      2.133 4
  -1   -2   -139.589     70.136      1.770 4
  -1   -2   -126.944     98.974      1.347 4
  -1   -2    -74.293     58.819      2.027 4
  -1   -2    -78.821     96.945      1.186 4
  -1   -2     -4.320     98.631      2.323 4
  -1   -2   -109.185     56.851      1.680 4
  -1   -2   -120.797     57.031      1.657 4
  -1   -2    -80.057     58.790      1.884 4
  -1   -2   -211.335     56.556      2.485 4
  -1   -2   -196.861     55.970      2.366 4
  -1   -2    -50.179     57.687      2.329 4
  -1   -2   -115.488     57.120      1.640 4
  -1   -2    -86.356     59.045      1.733 4
  -1   -2   -148.432     58.205      1.951 4
  -1   -2    -55.916     57.664      2.255 4
  -1   -2    -14.194     98.665      2.058 4
  -1   -2    -34.331     58.070      2.534 4
  -1   -2    -39.678     58.054      2.497 4
  -1   -2   -172.524     58.017      2.187 4
  -1   -2   -111.292     69.939      1.458 4
  -1   -2   -223.493     56.711      2.672 4
  -1   -2   -217.047     56.533      2.613 4
  -1   -2    -91.637     58.824      1.675 4
  -1   -2    -62.257     57.713      2.166 4
  -1   -2    -28.036     57.837      2.594 4
  -1   -2   -121.847     98.500      1.211 4
  -1   -2   -248.015     56.646      3.241 4
  -1   -2    -22.277     57.860      2.594 4
  -1   -2     -9.136     98.393      2.174 4
  -1   -2    -12.814     58.977      2.737 4
  -1   -2     -1.178     58.754      3.164 4
  -1   -2   -129.699    -20.559      2.005 4
  -1   -2      4.583     58.775      3.369 4
  -1   -2    -49.363     -0.054      2.644 4
  -1   -2    -39.986     30.584      2.263 4
  -1   -2     -7.273     58.978      2.888 4
  -1   -2    -26.821     29.973      2.518 4
  -1   -2    -83.800     70.314      1.674 4
  -1   -2    -47.925     98.499      1.186 4
  -1   -2   -136.589    -20.454      2.268 4
  -1   -2   -126.243    -27.832      1.890 4
  -1   -2    -59.277     -0.016      2.448 4
  -1   -2   -257.161    169.848      1.720 4
  -1   -2   -135.666    -27.741      2.223 4
  -1   -2    -54.208     -0.299      2.518 4
  -1   -2   -139.173    -27.759      2.526 4
  -1   -2   -130.719    -28.160      2.046 4
  -1   -2   -129.602     97.286      1.423 4
  -1   -2    -55.497     70.309      2.160 4
  -1   -2   -118.192     55.447      1.640 4
  -1   -2    -89.017     57.369      1.669 4
  -1   -2   -123.206    -18.997      1.800 4
  -1   -2   -237.245     95.541      2.228 4
  77   -2   -172.575     97.118      1.114 4
  -1   -2   -236.621     56.543      1.299 4
  -1   -2    -37.002     56.404      2.478 4
  -1   -2    -10.160     57.328      2.808 4
  -1   -2    -30.823     71.165      2.284 4
  -1   -2   -271.999    173.911      1.974 4
  -1   -2   -134.029    -22.384      2.120 4
  -1   -2    -14.857    170.892      0.943 4
  -1   -2      0.099    171.846     26.783 4
  -1   -2      6.119    175.708    -24.355 4
  -1   -2   -241.575     56.431      3.112 4
  -1   -2     -2.713    -20.906     21.148 4
  -1   -2      1.290    176.497     -4.825 4
  -1   -2     30.208    164.826    -51.625 4
  -1   -2   -271.881    155.605    -25.641 4
  -1   -2     54.498    -28.737     64.825 4
   0   -2   -241.963     69.723      2.827 2
   1   -2    -40.075    134.114      1.642 2
   2   -2   -217.238     69.908      2.266 2
   3   -2     -8.574    134.169      2.331 2
   4   -2    -73.938     97.168      1.058 2
   7   -2    -83.950     97.357      1.220 2
   5   -2   -192.357     69.531      2.141 2
   8   -2   -117.022     98.713      1.076 2
   9   -2    -78.300     27.248      1.871 2
  11   -2   -136.496     57.988      1.748 2
  12   -2    -97.548     28.620      1.635 2
  10   -2    -32.975     98.592      1.718 2
   6   -2    -42.874     98.839      1.566 2
  17   -2    -78.821     96.945      1.186 2
  14   -2   -142.244     57.968      1.865 2
  13   -2   -166.609     69.953      2.065 2
  32   -2   -115.488     57.120      1.640 2
  20   -2   -160.596     57.864      2.081 2
  15   -2   -184.701     55.702      2.328 2
  18   -2   -103.485     56.872      1.698 2
  21   -2    -86.356     59.045      1.733 2
  23   -2   -126.944     98.974      1.347 2
  16   -2   -190.463     55.692      2.346 2
  29   -2   -139.589     70.136      1.770 2
  30   -2   -120.797     57.031      1.657 2
  27   -2   -166.352     57.838      2.133 2
  25   -2    -80.057     58.790      1.884 2
  22   -2   -109.185     56.851      1.680 2
  28   -2   -181.532     97.318      1.276 2
  26   -2   -132.301     98.899      1.415 2
  35   -2   -148.432     58.205      1.951 2
  31   -2    -74.293     58.819      2.027 2
  36   -2   -111.292     69.939      1.458 2
  19   -2   -246.445     95.820      2.485 2
  24   -2    -37.826     98.360      1.625 2
  39   -2   -196.861     55.970      2.366 2
  41   -2   -121.847     98.500      1.211 2
  38   -2    -50.179     57.687      2.329 2
  33   -2    -55.916     57.664      2.255 2
  34   -2     -4.320     98.631      2.323 2
  46   -2    -62.257     57.713      2.166 2
  44   -2   -172.524     58.017      2.187 2
  37   -2    -39.678     58.054      2.497 2
  43   -2    -14.194     98.665      2.058 2
  42   -2    -28.036     57.837      2.594 2
  86   -2   -217.047     56.533      2.613 2
  45   -2   -223.493     56.711      2.672 2
  47   -2    -34.331     58.070      2.534 2
  49   -2   -248.015     56.646      3.241 2
  48   -2    -22.277     57.860      2.594 2
  50   -2     -9.136     98.393      2.174 2
  53   -2   -129.699    -20.559      2.005 2
  54   -2    -12.814     58.977      2.737 2
  51   -2     -1.178     58.754      3.164 2
  55   -2    -49.363     -0.054      2.644 2
  52   -2    -83.800     70.314      1.674 2
  56   -2      4.583     58.775      3.369 2
  57   -2    -39.986     30.584      2.263 2
  59   -2    -26.821     29.973      2.518 2
  58   -2     -7.273     58.978      2.888 2
  62   -2   -136.589    -20.454      2.268 2
  60   -2    -47.925     98.499      1.186 2
  61   -2   -126.243    -27.832      1.890 2
  63   -2    -59.277     -0.016      2.448 2
  64   -2   -257.161    169.848      1.720 2
  65   -2   -135.666    -27.741      2.223 2
  66   -2    -54.208     -0.299      2.518 2
  67   -2   -139.173    -27.759      2.526 2
  68   -2    -55.497     70.309      2.160 2
  69   -2   -130.719    -28.160      2.046 2
  40   -2    -91.637     58.824      1.675 2
  70   -2   -129.602     97.286      1.423 2
  71   -2   -118.192     55.447      1.640 2
  73   -2   -123.206    -18.997      1.800 2
  75   -2    -37.002     56.404      2.478 2
  78   -2    -10.160     57.328      2.808 2
  80   -2    -30.823     71.165      2.284 2
  81   -2   -271.999    173.911      1.974 2
  83   -2   -134.029    -22.384      2.120 2
