91
  -1    0   -241.960     69.721      2.821
  -1    1    -40.070    134.112      1.630
  -1    2   -217.233     69.905      2.265
  -1    3     -8.570    134.166      2.338
  -1    4    -73.931     97.166      1.075
  -1    7    -83.944     97.354      1.220
  -1    5   -192.353     69.528      2.139
  -1    8   -117.021     98.710      1.078
  -1    9    -78.295     27.245      1.870
  -1   11   -136.494     57.984      1.755
  -1   12    -97.545     28.616      1.635
  -1   10    -32.976     98.590      1.710
  -1    6    -42.872     98.831      1.545
  -1   17    -78.814     96.943      1.193
  -1   14   -142.242     57.968      1.852
  -1   13   -166.604     69.951      2.061
  -1   32   -115.485     57.120      1.655
  -1   20   -160.593     57.861      2.079
  -1   15   -184.696     55.699      2.329
  -1   18   -103.484     56.872      1.690
  -1   21    -86.356     59.045      1.735
  -1   23   -126.938     98.973      1.354
  -1   16   -190.457     55.689      2.333
  -1   29   -139.583     70.133      1.772
  -1   30   -120.794     57.033      1.652
  -1   27   -166.347     57.835      2.133
  -1   25    -80.055     58.789      1.887
  -1   22   -109.177     56.851      1.672
  -1   28   -181.529     97.315      1.273
  -1   26   -132.298     98.895      1.404
  -1   35   -148.433     58.205      1.951
  -1   31    -74.292     58.817      2.017
  -1   36   -111.284     69.937      1.460
  -1   19   -246.441     95.816      2.484
  -1   -2   -211.331     56.550      2.489
  -1   24    -37.817     98.354      1.632
  -1   39   -196.860     55.966      2.345
  -1   41   -121.840     98.497      1.231
  -1   38    -50.169     57.684      2.334
  -1   33    -55.910     57.660      2.247
  -1   34     -4.317     98.626      2.315
  -1   46    -62.255     57.710      2.180
  -1   44   -172.520     58.015      2.196
  -1   37    -39.675     58.054      2.484
  -1   43    -14.191     98.663      2.037
  -1   42    -28.030     57.835      2.593
  -1   86   -217.044     56.532      2.611
  -1   45   -223.489     56.711      2.674
  -1   47    -34.330     58.068      2.534
  -1   49   -248.009     56.645      3.249
  -1   48    -22.273     57.858      2.594
  -1   50     -9.132     98.392      2.176
  -1   53   -129.692    -20.561      2.005
  -1   54    -12.810     58.972      2.740
  -1   51     -1.173     58.753      3.141
  -1   55    -49.355     -0.056      2.638
  -1   52    -83.798     70.311      1.671
  -1   56      4.590     58.769      3.349
  -1   57    -39.985     30.581      2.262
  -1   59    -26.819     29.968      2.505
  -1   58     -7.268     58.974      2.899
  -1   62   -136.586    -20.455      2.273
  -1   60    -47.921     98.495      1.181
  -1   61   -126.240    -27.838      1.884
  -1   63    -59.270     -0.020      2.440
  -1   64   -257.164    169.854      1.705
  -1   65   -135.663    -27.734      2.225
  -1   66    -54.197     -0.299      2.518
  -1   67   -139.173    -27.761      2.524
  -1   68    -55.491     70.305      2.158
  -1   69   -130.713    -28.162      2.030
  -1   40    -91.495     58.743      1.432
  -1   70   -129.602     97.283      1.439
  -1   -2   -237.583     95.569      3.245
  -1   71   -118.185     55.447      1.639
  -1   73   -123.199    -19.004      1.779
  -1   77   -172.571     97.116      1.112
  -1   75    -36.995     56.405      2.482
  -1   -2   -236.616     56.539      1.301
  -1   78    -10.150     57.324      2.789
  -1   80    -30.823     71.162      2.291
  -1   81   -271.997    173.917      1.989
  -1   83   -134.027    -22.386      2.119
  -1   -2     -8.973    171.843    -11.441
  -1   -2      2.761    -26.447     10.211
  -1   -2     11.414    172.286      4.143
  -1   -2      1.432    175.003    -13.715
  -1   -2   -241.564     56.429      3.123
  -1   -2   -271.017     38.558     27.936
  -1   -2     30.241    164.776    -51.183
  -1   -2     54.563    -28.621     64.934
