172
  -1   -2   -241.963     69.723      2.827
  -1   -2   -217.238     69.908      2.266
  -1   -2    -40.075    134.114      1.641
  -1   -2     -8.574    134.169      2.331
  -1   -2   -192.357     69.531      2.141
  -1   -2    -42.874     98.839      1.566
  -1   -2    -73.938     97.168      1.058
  -1   -2    -32.975     98.592      1.718
  -1   -2   -117.022     98.713      1.076
  -1   -2    -78.300     27.248      1.871
  -1   -2   -166.609     69.953      2.065
  -1   -2   -136.496     57.988      1.748
  -1   -2    -97.548     28.620      1.635
  -1   -2   -184.701     55.702      2.328
  -1   -2    -83.950     97.357      1.220
  -1   -2   -246.445     95.820      2.485
  -1   -2   -103.485     56.872      1.698
  -1   -2   -190.463     55.692      2.346
  -1   -2   -142.244     57.968      1.865
  -1   -2    -37.826     98.360      1.625
  -1   -2   -160.596     57.864      2.081
  -1   -2   -181.532     97.318      1.276
  -1   -2   -132.301     98.899      1.415
  -1   -2   -166.352     57.838      2.133
  -1   -2   -139.589     70.136      1.770
  -1   -2   -126.944     98.974      1.347
  -1   -2    -74.293     58.819      2.027
  -1   -2    -78.821     96.945      1.186
  -1   -2     -4.320     98.631      2.323
  -1   -2   -109.185     56.851      1.680
  -1   -2   -120.797     57.031      1.657
  -1   -2    -80.057     58.790      1.884
  -1   -2   -211.335     56.556      2.485
  -1   -2   -196.861     55.970      2.366
  -1   -2    -50.179     57.687      2.329
  -1   -2   -115.488     57.120      1.640
  -1   -2    -86.356     59.045      1.733
  -1   -2   -148.432     58.205      1.951
  -1   -2    -55.916     57.664      2.255
  -1   -2    -14.194     98.665      2.058
  -1   -2    -34.331     58.070      2.534
  -1   -2    -39.678     58.054      2.497
  -1   -2   -172.524     58.017      2.187
  -1   -2   -111.292     69.939      1.458
  -1   -2   -223.493     56.711      2.672
  -1   -2   -217.047     56.533      2.613
  -1   -2    -91.637     58.824      1.675
  -1   -2    -62.257     57.713      2.166
  -1   -2    -28.036     57.837      2.594
  -1   -2   -121.847     98.500      1.211
  -1   -2   -248.015     56.646      3.241
  -1   -2    -22.277     57.860      2.594
  -1   -2     -9.136     98.393      2.174
  -1   -2    -12.814     58.977      2.737
  -1   -2     -1.178     58.754      3.164
  -1   -2   -129.699    -20.559      2.005
  -1   -2      4.583     58.775      3.369
  -1   -2    -49.363     -0.054      2.644
  -1   -2    -39.986     30.584      2.263
  -1   -2     -7.273     58.978      2.888
  -1   -2    -26.821     29.973      2.518
  -1   -2    -83.800     70.314      1.674
  -1   -2    -47.925     98.499      1.186
  -1   -2   -136.589    -20.454      2.268
  -1   -2   -126.243    -27.832      1.890
  -1   -2    -59.277     -0.016      2.448
  -1   -2   -257.161    169.848      1.720
  -1   -2   -135.666    -27.741      2.223
  -1   -2    -54.208     -0.299      2.518
  -1   -2   -139.173    -27.759      2.526
  -1   -2   -130.719    -28.160      2.046
  -1   -2   -129.602     97.286      1.423
  -1   -2    -55.497     70.309      2.160
  -1   -2   -118.192     55.447      1.640
  -1   -2    -89.017     57.369      1.669
  -1   -2   -123.206    -18.997      1.800
  -1   -2   -237.245     95.541      2.228
  77   -2   -172.575     97.118      1.114
  -1   -2   -236.621     56.543      1.299
  -1   -2    -37.002     56.404      2.478
  -1   -2    -10.160     57.328      2.808
  -1   -2    -30.823     71.165      2.284
  -1   -2   -271.999    173.911      1.974
  -1   -2   -134.029    -22.384      2.120
  -1   -2    -14.857    170.892      0.943
  -1   -2      0.099    171.846     26.783
  -1   -2      6.119    175.708    -24.355
  -1   -2   -241.575     56.431      3.112
  -1   -2     -2.713    -20.906     21.148
  -1   -2      1.290    176.497     -4.825
  -1   -2     30.208    164.826    -51.625
  -1   -2   -271.881    155.605    -25.641
  -1   -2     54.498    -28.737     64.825
   0   -2   -241.963     69.723      2.827
   1   -2    -40.075    134.114      1.642
   2   -2   -217.238     69.908      2.266
   3   -2     -8.574    134.169      2.331
   4   -2    -73.938     97.168      1.058
   7   -2    -83.950     97.357      1.220
   5   -2   -192.357     69.531      2.141
   8   -2   -117.022     98.713      1.076
   9   -2    -78.300     27.248      1.871
  11   -2   -136.496     57.988      1.748
  12   -2    -97.548     28.620      1.635
  10   -2    -32.975     98.592      1.718
   6   -2    -42.874     98.839      1.566
  17   -2    -78.821     96.945      1.186
  14   -2   -142.244     57.968      1.865
  13   -2   -166.609     69.953      2.065
  32   -2   -115.488     57.120      1.640
  20   -2   -160.596     57.864      2.081
  15   -2   -184.701     55.702      2.328
  18   -2   -103.485     56.872      1.698
  21   -2    -86.356     59.045      1.733
  23   -2   -126.944     98.974      1.347
  16   -2   -190.463     55.692      2.346
  29   -2   -139.589     70.136      1.770
  30   -2   -120.797     57.031      1.657
  27   -2   -166.352     57.838      2.133
  25   -2    -80.057     58.790      1.884
  22   -2   -109.185     56.851      1.680
  28   -2   -181.532     97.318      1.276
  26   -2   -132.301     98.899      1.415
  35   -2   -148.432     58.205      1.951
  31   -2    -74.293     58.819      2.027
  36   -2   -111.292     69.939      1.458
  19   -2   -246.445     95.820      2.485
  24   -2    -37.826     98.360      1.625
  39   -2   -196.861     55.970      2.366
  41   -2   -121.847     98.500      1.211
  38   -2    -50.179     57.687      2.329
  33   -2    -55.916     57.664      2.255
  34   -2     -4.320     98.631      2.323
  46   -2    -62.257     57.713      2.166
  44   -2   -172.524     58.017      2.187
  37   -2    -39.678     58.054      2.497
  43   -2    -14.194     98.665      2.058
  42   -2    -28.036     57.837      2.594
  86   -2   -217.047     56.533      2.613
  45   -2   -223.493     56.711      2.672
  47   -2    -34.331     58.070      2.534
  49   -2   -248.015     56.646      3.241
  48   -2    -22.277     57.860      2.594
  50   -2     -9.136     98.393      2.174
  53   -2   -129.699    -20.559      2.005
  54   -2    -12.814     58.977      2.737
  51   -2     -1.178     58.754      3.164
  55   -2    -49.363     -0.054      2.644
  52   -2    -83.800     70.314      1.674
  56   -2      4.583     58.775      3.369
  57   -2    -39.986     30.584      2.263
  59   -2    -26.821     29.973      2.518
  58   -2     -7.273     58.978      2.888
  62   -2   -136.589    -20.454      2.268
  60   -2    -47.925     98.499      1.186
  61   -2   -126.243    -27.832      1.890
  63   -2    -59.277     -0.016      2.448
  64   -2   -257.161    169.848      1.720
  65   -2   -135.666    -27.741      2.223
  66   -2    -54.208     -0.299      2.518
  67   -2   -139.173    -27.759      2.526
  68   -2    -55.497     70.309      2.160
  69   -2   -130.719    -28.160      2.046
  40   -2    -91.637     58.824      1.675
  70   -2   -129.602     97.286      1.423
  71   -2   -118.192     55.447      1.640
  73   -2   -123.206    -18.997      1.800
  75   -2    -37.002     56.404      2.478
  78   -2    -10.160     57.328      2.808
  80   -2    -30.823     71.165      2.284
  81   -2   -271.999    173.911      1.974
  83   -2   -134.029    -22.384      2.120
