93
   0   93   -241.959     69.723      2.824
   1   94    -40.074    134.111      1.644
   2   95   -217.233     69.906      2.267
   3   96     -8.570    134.167      2.338
   4   97    -73.940     97.164      1.068
   6   99   -192.353     69.528      2.143
  12  105    -42.867     98.831      1.547
   5   98    -83.945     97.354      1.230
   7  100   -117.024     98.715      1.061
   8  101    -78.297     27.247      1.872
  11  104    -32.970     98.591      1.722
   9  102   -136.491     57.985      1.749
  10  103    -97.545     28.619      1.632
  15  108   -166.609     69.954      2.059
  14  107   -142.243     57.969      1.862
  18  111   -184.696     55.700      2.319
  22  115   -190.456     55.692      2.338
  13  106    -78.819     96.941      1.189
  19  112   -103.485     56.874      1.693
  33  126   -246.442     95.820      2.473
  17  110   -160.593     57.862      2.074
  20  113    -86.353     59.045      1.735
  27  120   -109.181     56.851      1.683
  21  114   -126.937     98.971      1.356
  35  127    -37.821     98.356      1.640
  26  119    -80.054     58.790      1.895
  29  122   -132.297     98.898      1.399
  25  118   -166.348     57.836      2.140
  28  121   -181.529     97.317      1.281
  23  116   -139.585     70.136      1.769
  24  117   -120.794     57.033      1.646
  31  124    -74.289     58.819      2.023
  16  109   -115.483     57.119      1.638
  39  131    -55.915     57.662      2.254
  40  132     -4.318     98.631      2.310
  30  123   -148.432     58.204      1.951
  32  125   -111.288     69.937      1.464
  43  135    -39.673     58.057      2.476
  38  130    -50.171     57.686      2.331
  36  128   -196.861     55.966      2.357
  71  163    -91.636     58.821      1.673
  37  129   -121.841     98.496      1.225
  45  137    -28.032     57.836      2.588
  44  136    -14.193     98.664      2.066
  42  134   -172.521     58.016      2.192
  47  139   -223.491     56.709      2.670
  41  133    -62.253     57.711      2.166
  48  140    -34.327     58.067      2.537
  50  142    -22.275     57.858      2.590
  49  141   -248.011     56.646      3.232
  51  143     -9.131     98.395      2.169
  54  146     -1.178     58.755      3.159
  56  148    -83.797     70.313      1.674
  52  144   -129.694    -20.558      2.009
  53  145    -12.809     58.976      2.748
  55  147    -49.362     -0.056      2.647
  57  149      4.589     58.773      3.349
  58  150    -39.986     30.584      2.281
  60  152     -7.270     58.975      2.901
  59  151    -26.818     29.968      2.509
  62  154    -47.922     98.496      1.191
  63  155   -126.240    -27.833      1.881
  61  153   -136.587    -20.456      2.280
  64  156    -59.271     -0.017      2.454
  65  157   -257.166    169.857      1.698
  66  158   -135.664    -27.736      2.238
  67  159    -54.200     -0.296      2.520
  68  160   -139.171    -27.758      2.519
  69  161    -55.496     70.307      2.163
  70  162   -130.715    -28.162      2.030
  72  164   -129.601     97.285      1.438
  74  165   -118.184     55.447      1.639
  -1   -2    -89.017     57.368      1.670
  75  166   -123.205    -19.000      1.789
  -1   -2   -211.958     56.453      4.167
  77  167    -36.995     56.405      2.479
  -1   -2   -237.239     95.540      2.212
  76   77   -172.569     97.117      1.122
  79  168    -10.154     57.324      2.804
  -1   -2   -237.227     56.440      2.995
  80  169    -30.828     71.161      2.325
  81  170   -271.998    173.923      1.946
  -1   -2     15.114    170.133      2.017
  82  171   -134.031    -22.381      2.125
  -1   -2     -8.995    171.841    -11.532
  -1   -2      2.140    175.063    -16.241
  46  138   -217.063     56.514      2.588
  -1   -2   -246.502     97.999     43.475
  -1   -2   -282.270     39.938    -69.472
  -1   -2      6.962    175.347      1.367
  -1   -2     13.896    -27.379      4.357
  -1   -2      4.988    147.522     47.329
  -1   -2   -276.352    136.421     14.149
