91
   1  -241.960    69.721     2.821   38   28   35   38
   2   -40.070   134.112     1.630   13    7    8    9
   3  -217.233    69.905     2.265   39   29   32   36
   4    -8.570   134.166     2.338   14    8    7    8
   5   -73.931    97.166     1.075   34   26   25   24
   6   -83.944    97.354     1.220   31   25   22   23
   7  -192.353    69.528     2.139   41   33   39   39
   8  -117.021    98.710     1.078   17   11   12   21
   9   -78.295    27.245     1.870   88   78   82   85
  10  -136.494    57.984     1.755   56   50   49   53
  11   -97.545    28.616     1.635   87   77   81   83
  12   -32.976    98.590     1.710   28   17   16   15
  13   -42.872    98.831     1.545   23   14   13   14
  14   -78.814    96.943     1.193   35   27   27   27
  15  -142.242    57.968     1.852   55   49   48   54
  16  -166.604    69.951     2.061   40   31   36   35
  17  -115.485    57.120     1.655   67   63   64   63
  18  -160.593    57.861     2.079   53   46   51   55
  19  -184.696    55.699     2.329   81   70   75   75
  20  -103.484    56.872     1.690   77   66   71   67
  21   -86.356    59.045     1.735   47   37   40   40
  22  -126.938    98.973     1.354   16    9   10   16
  23  -190.457    55.689     2.333   80   69   74   76
  24  -139.583    70.133     1.772   42   32   33   34
  25  -120.794    57.033     1.652   68   64   65   65
  26  -166.347    57.835     2.133   51   45   50   56
  27   -80.055    58.789     1.887   52   39   42   46
  28  -109.177    56.851     1.672   76   65   70   68
  29  -181.529    97.315     1.273   19   13   21   26
  30  -132.298    98.895     1.404   15   10   11   18
  31  -148.433    58.205     1.951   49   41   44   49
  32   -74.292    58.817     2.017   54   38   43   45
  33  -111.284    69.937     1.460   44   36   38   37
  34  -246.441    95.816     2.484   22   21   28   29
  35  -211.331    56.550     2.489   64   62   67   70
  36   -37.817    98.354     1.632   29   19   19   20
  37  -196.860    55.966     2.345   75   68   73   74
  38  -121.840    98.497     1.231   18   12   14   22
  39   -50.169    57.684     2.334   74   60   61   60
  40   -55.910    57.660     2.247   73   59   59   61
  41    -4.317    98.626     2.315   32   20   18   12
  42   -62.255    57.710     2.180   71   55   56   59
  43  -172.520    58.015     2.196   48   42   45   50
  44   -39.675    58.054     2.484   69   52   54   52
  45   -14.191    98.663     2.037   30   18   15   13
  46   -28.030    57.835     2.593   78   57   62   58
  47  -217.044    56.532     2.611   63   61   66   69
  48  -223.489    56.711     2.674   58   54   58   66
  49   -34.330    58.068     2.534   72   53   55   51
  50  -248.009    56.645     3.249   57   51   57   64
  51   -22.273    57.858     2.594   79   58   63   57
  52    -9.132    98.392     2.176   33   23   20   17
  53  -129.692   -20.561     2.005   94   86   88   91
  54   -12.810    58.972     2.740   61   43   46   42
  55    -1.173    58.753     3.141   65   48   52   44
  56   -49.355    -0.056     2.638   90   80   84   87
  57   -83.798    70.311     1.671   45   34   34   33
  58     4.590    58.769     3.349   66   47   53   43
  59   -39.985    30.581     2.262   85   74   78   81
  60   -26.819    29.968     2.505   86   76   79   82
  61    -7.268    58.974     2.899   62   44   47   41
  62  -136.586   -20.455     2.273   93   85   87   90
  63   -47.921    98.495     1.181   24   16   17   19
  64  -126.240   -27.838     1.884   98   91   93   96
  65   -59.270    -0.020     2.440   89   79   83   86
  66  -257.164   169.854     1.705    7    3    6    7
  67  -135.663   -27.734     2.225   97   89   91   95
  68   -54.197    -0.299     2.518   91   81   85   88
  69  -139.173   -27.761     2.524   99   90   92   94
  70   -55.491    70.305     2.158   46   35   37   32
  71  -130.713   -28.162     2.030  100   92   94   97
  72   -91.495    58.743     1.432   50   40   41   48
  73  -129.602    97.283     1.439   25   22   23   25
  74  -237.583    95.569     3.245   26   24   29   30
  75  -118.185    55.447     1.639   83   72   77   77
  76  -123.199   -19.004     1.779   92   84   86   89
  77  -172.571    97.116     1.112   20   15   24   28
  78   -36.995    56.405     2.482   84   71   76   73
  79  -236.616    56.539     1.301   60   56   69   72
  80   -10.150    57.324     2.789   82   67   72   62
  81   -30.823    71.162     2.291   43   30   31   31
  82  -271.997   173.917     1.989    1    0    2    2
  83  -134.027   -22.386     2.119   95   87   89   92
  84    -8.973   171.843   -11.441    8    4    3    0
  85     2.761   -26.447    10.211   96   94   90   93
  86    11.414   172.286     4.143    9    2    4    5
  87     1.432   175.003   -13.715    2    1    5    4
  88  -241.564    56.429     3.123   59   -1   68   71
  89  -271.017    38.558    27.936   -1   73   80   78
  90    30.241   164.776   -51.183    6    6   -1    6
  91    54.563   -28.621    64.934   -1   83   -1   98
