172
   1  -241.963    69.723     2.827   36   29   42   35
   2  -217.238    69.908     2.266   37   30   39   33
   3   -40.075   134.114     1.641   10    8    9    8
   4    -8.574   134.169     2.331   11    9    8    7
   5  -192.357    69.531     2.141   39   34   46   36
   6   -42.874    98.839     1.566   20   15   19   10
   7   -73.938    97.168     1.058   31   27   31   21
   8   -32.975    98.592     1.718   25   18   22   12
   9  -117.022    98.713     1.076   14   12   18   18
  10   -78.300    27.248     1.871   86   80   88   82
  11  -166.609    69.953     2.065   38   32   43   32
  12  -136.496    57.988     1.748   54   51   55   49
  13   -97.548    28.620     1.635   85   79   87   80
  14  -184.701    55.702     2.328   79   72   82   72
  15   -83.950    97.357     1.220   28   26   28   20
  16  -246.445    95.820     2.485   19   22   34   26
  17  -103.485    56.872     1.698   75   68   78   64
  18  -190.463    55.692     2.346   78   71   81   73
  19  -142.244    57.968     1.865   53   50   56   50
  20   -37.826    98.360     1.625   26   20   25   17
  21  -160.596    57.864     2.081   51   47   58   51
  22  -181.532    97.318     1.276   16   14   27   23
  23  -132.301    98.899     1.415   13   10   17   15
  24  -166.352    57.838     2.133   49   46   57   52
  25  -139.589    70.136     1.770   40   33   40   31
  26  -126.944    98.974     1.347   12   11   16   13
  27   -74.293    58.819     2.027   52   40   50   42
  28   -78.821    96.945     1.186   32   28   33   24
  29    -4.320    98.631     2.323   29   21   23    9
  30  -109.185    56.851     1.680   74   67   77   65
  31  -120.797    57.031     1.657   66   66   72   62
  32   -80.057    58.790     1.884   50   41   49   44
  33  -211.335    56.556     2.485   62   63   73   67
  34  -196.861    55.970     2.366   73   70   80   71
  35   -50.179    57.687     2.329   72   61   68   56
  36  -115.488    57.120     1.640   65   65   71   60
  37   -86.356    59.045     1.733   45   38   47   38
  38  -148.432    58.205     1.951   47   42   51   45
  39   -55.916    57.664     2.255   71   60   66   57
  40   -14.194    98.665     2.058   27   19   21   11
  41   -34.331    58.070     2.534   70   54   62   47
  42   -39.678    58.054     2.497   67   53   61   48
  43  -172.524    58.017     2.187   46   43   52   46
  44  -111.292    69.939     1.458   42   37   45   34
  45  -223.493    56.711     2.672   56   55   65   63
  46  -217.047    56.533     2.613   61   62   74   66
  47   -91.637    58.824     1.675   48   39   48   43
  48   -62.257    57.713     2.166   69   56   63   55
  49   -28.036    57.837     2.594   76   58   69   54
  50  -121.847    98.500     1.211   15   13   20   19
  51  -248.015    56.646     3.241   55   52   64   61
  52   -22.277    57.860     2.594   77   59   70   53
  53    -9.136    98.393     2.174   30   24   26   14
  54   -12.814    58.977     2.737   59   44   53   39
  55    -1.178    58.754     3.164   63   49   59   41
  56  -129.699   -20.559     2.005   92   88   94   88
  57     4.583    58.775     3.369   64   48   60   40
  58   -49.363    -0.054     2.644   88   82   90   84
  59   -39.986    30.584     2.263   83   76   85   78
  60    -7.273    58.978     2.888   60   45   54   37
  61   -26.821    29.973     2.518   84   78   86   79
  62   -83.800    70.314     1.674   43   35   41   30
  63   -47.925    98.499     1.186   22   16   24   16
  64  -136.589   -20.454     2.268   91   87   93   87
  65  -126.243   -27.832     1.890   96   98   99   92
  66   -59.277    -0.016     2.448   87   81   89   83
  67  -257.161   169.848     1.720    5    4    7    6
  68  -135.666   -27.741     2.223   95   96   98   91
  69   -54.208    -0.299     2.518   89   83   91   85
  70  -139.173   -27.759     2.526   97   97   97   90
  71  -130.719   -28.160     2.046   98   99  100   93
  72  -129.602    97.286     1.423   21   23   29   22
  73   -55.497    70.309     2.160   44   36   44   29
  74  -118.192    55.447     1.640   81   74   84   74
  75   -89.017    57.369     1.669   68   64   67   59
  76  -123.206   -18.997     1.800   90   86   92   86
  77  -237.245    95.541     2.228   23   25   35   27
  78  -172.575    97.118     1.114   17   17   30   25
  79  -236.621    56.543     1.299   58   57   75   69
  80   -37.002    56.404     2.478   82   73   83   70
  81   -10.160    57.328     2.808   80   69   79   58
  82   -30.823    71.165     2.284   41   31   38   28
  83  -271.999   173.911     1.974    0    0    2    2
  84  -134.029   -22.384     2.120   93   90   95   89
  85   -14.857   170.892     0.943    6    5    4    3
  86     0.099   171.846    26.783    7    3    3    0
  87     6.119   175.708   -24.355    1    1    5    4
  88  -241.575    56.431     3.112   57   -1   76   68
  89    -2.713   -20.906    21.148   94   89   96   -1
  90     1.290   176.497    -4.825    2    2   -1    1
  91    30.208   164.826   -51.625    4    7   -1    5
  92  -271.881   155.605   -25.641    8    6    6   -1
  93    54.498   -28.737    64.825   -1   85   -1   94
  94  -241.963    69.723     2.827   36   29   42   35
  95   -40.075   134.114     1.642   10    8    9    8
  96  -217.238    69.908     2.266   37   30   39   33
  97    -8.574   134.169     2.331   11    9    8    7
  98   -73.938    97.168     1.058   31   27   31   21
  99   -83.950    97.357     1.220   28   26   28   20
 100  -192.357    69.531     2.141   39   34   46   36
 101  -117.022    98.713     1.076   14   12   18   18
 102   -78.300    27.248     1.871   86   80   88   82
 103  -136.496    57.988     1.748   54   51   55   49
 104   -97.548    28.620     1.635   85   79   87   80
 105   -32.975    98.592     1.718   25   18   22   12
 106   -42.874    98.839     1.566   20   15   19   10
 107   -78.821    96.945     1.186   32   28   33   24
 108  -142.244    57.968     1.865   53   50   56   50
 109  -166.609    69.953     2.065   38   32   43   32
 110  -115.488    57.120     1.640   65   65   71   60
 111  -160.596    57.864     2.081   51   47   58   51
 112  -184.701    55.702     2.328   79   72   82   72
 113  -103.485    56.872     1.698   75   68   78   64
 114   -86.356    59.045     1.733   45   38   47   38
 115  -126.944    98.974     1.347   12   11   16   13
 116  -190.463    55.692     2.346   78   71   81   73
 117  -139.589    70.136     1.770   40   33   40   31
 118  -120.797    57.031     1.657   66   66   72   62
 119  -166.352    57.838     2.133   49   46   57   52
 120   -80.057    58.790     1.884   50   41   49   44
 121  -109.185    56.851     1.680   74   67   77   65
 122  -181.532    97.318     1.276   16   14   27   23
 123  -132.301    98.899     1.415   13   10   17   15
 124  -148.432    58.205     1.951   47   42   51   45
 125   -74.293    58.819     2.027   52   40   50   42
 126  -111.292    69.939     1.458   42   37   45   34
 127  -246.445    95.820     2.485   19   22   34   26
 128   -37.826    98.360     1.625   26   20   25   17
 129  -196.861    55.970     2.366   73   70   80   71
 130  -121.847    98.500     1.211   15   13   20   19
 131   -50.179    57.687     2.329   72   61   68   56
 132   -55.916    57.664     2.255   71   60   66   57
 133    -4.320    98.631     2.323   29   21   23    9
 134   -62.257    57.713     2.166   69   56   63   55
 135  -172.524    58.017     2.187   46   43   52   46
 136   -39.678    58.054     2.497   67   53   61   48
 137   -14.194    98.665     2.058   27   19   21   11
 138   -28.036    57.837     2.594   76   58   69   54
 139  -217.047    56.533     2.613   61   62   74   66
 140  -223.493    56.711     2.672   56   55   65   63
 141   -34.331    58.070     2.534   70   54   62   47
 142  -248.015    56.646     3.241   55   52   64   61
 143   -22.277    57.860     2.594   77   59   70   53
 144    -9.136    98.393     2.174   30   24   26   14
 145  -129.699   -20.559     2.005   92   88   94   88
 146   -12.814    58.977     2.737   59   44   53   39
 147    -1.178    58.754     3.164   63   49   59   41
 148   -49.363    -0.054     2.644   88   82   90   84
 149   -83.800    70.314     1.674   43   35   41   30
 150     4.583    58.775     3.369   64   48   60   40
 151   -39.986    30.584     2.263   83   76   85   78
 152   -26.821    29.973     2.518   84   78   86   79
 153    -7.273    58.978     2.888   60   45   54   37
 154  -136.589   -20.454     2.268   91   87   93   87
 155   -47.925    98.499     1.186   22   16   24   16
 156  -126.243   -27.832     1.890   96   98   99   92
 157   -59.277    -0.016     2.448   87   81   89   83
 158  -257.161   169.848     1.720    5    4    7    6
 159  -135.666   -27.741     2.223   95   96   98   91
 160   -54.208    -0.299     2.518   89   83   91   85
 161  -139.173   -27.759     2.526   97   97   97   90
 162   -55.497    70.309     2.160   44   36   44   29
 163  -130.719   -28.160     2.046   98   99  100   93
 164   -91.637    58.824     1.675   48   39   48   43
 165  -129.602    97.286     1.423   21   23   29   22
 166  -118.192    55.447     1.640   81   74   84   74
 167  -123.206   -18.997     1.800   90   86   92   86
 168   -37.002    56.404     2.478   82   73   83   70
 169   -10.160    57.328     2.808   80   69   79   58
 170   -30.823    71.165     2.284   41   31   38   28
 171  -271.999   173.911     1.974    0    0    2    2
 172  -134.029   -22.384     2.120   93   90   95   89
