91
   1  -241.958    69.722     2.825   35   28   35   38
   2   -40.072   134.110     1.639   10    7    8    9
   3  -217.230    69.905     2.271   36   29   32   36
   4    -8.569   134.166     2.345   11    8    7    8
   5   -73.933    97.165     1.076   31   26   25   24
   6  -192.351    69.527     2.149   38   33   39   39
   7   -83.943    97.353     1.228   28   25   22   23
   8   -42.869    98.833     1.545   20   14   13   14
   9  -117.019    98.712     1.072   14   11   12   21
  10   -32.974    98.590     1.720   25   17   16   15
  11   -78.294    27.245     1.873   85   78   82   85
  12  -136.491    57.984     1.760   53   50   49   53
  13   -97.542    28.618     1.634   84   77   81   83
  14  -166.604    69.951     2.061   37   31   36   35
  15   -78.814    96.942     1.200   32   27   27   27
  16  -142.240    57.968     1.861   52   49   48   54
  17  -184.695    55.700     2.326   78   70   75   75
  18  -160.590    57.862     2.081   50   46   51   55
  19  -190.456    55.690     2.332   77   69   74   76
  20  -103.483    56.872     1.696   74   66   71   67
  21   -86.352    59.047     1.735   44   37   40   40
  22  -126.936    98.973     1.355   13    9   10   16
  23  -115.481    57.121     1.660   64   63   64   63
  24  -120.793    57.034     1.651   65   64   65   65
  25  -109.177    56.850     1.678   73   65   70   68
  26   -80.054    58.790     1.888   49   39   42   46
  27  -139.580    70.134     1.778   39   32   33   34
  28  -166.346    57.836     2.133   48   45   50   56
  29  -246.439    95.818     2.481   19   21   28   29
  30   -74.289    58.818     2.020   51   38   43   45
  31  -211.328    56.552     2.488   61   62   67   70
  32  -111.283    69.936     1.473   41   36   38   37
  33  -181.526    97.317     1.274   16   13   21   26
  34  -132.295    98.896     1.405   12   10   11   18
  35   -37.815    98.354     1.640   26   19   19   20
  36  -148.429    58.206     1.958   46   41   44   49
  37    -4.314    98.627     2.323   29   20   18   12
  38   -55.911    57.659     2.253   70   59   59   61
  39   -50.168    57.684     2.335   71   60   61   60
  40  -121.839    98.496     1.235   15   12   14   22
  41  -196.858    55.965     2.357   72   68   73   74
  42   -14.189    98.662     2.047   27   18   15   13
  43  -172.518    58.016     2.195   45   42   45   50
  44   -39.672    58.055     2.485   66   52   54   52
  45   -62.252    57.712     2.174   68   55   56   59
  46   -28.031    57.834     2.596   75   57   62   58
  47  -217.044    56.532     2.610   60   61   66   69
  48  -223.487    56.711     2.679   55   54   58   66
  49   -34.329    58.068     2.540   69   53   55   51
  50  -248.006    56.646     3.251   54   51   57   64
  51   -22.273    57.857     2.604   76   58   63   57
  52    -9.129    98.395     2.172   30   23   20   17
  53  -129.690   -20.561     2.016   93   86   88   91
  54   -12.808    58.974     2.737   58   43   46   42
  55   -49.354    -0.057     2.647   87   80   84   87
  56    -1.172    58.753     3.146   62   48   52   44
  57     4.592    58.770     3.351   63   47   53   43
  58   -39.981    30.581     2.272   82   74   78   81
  59   -83.795    70.312     1.672   42   34   34   33
  60    -7.268    58.973     2.905   59   44   47   41
  61   -26.817    29.969     2.508   83   76   79   82
  62   -47.921    98.494     1.186   21   16   17   19
  63  -136.583   -20.454     2.278   92   85   87   90
  64  -126.237   -27.837     1.884   97   91   93   96
  65   -59.268    -0.020     2.446   86   79   83   86
  66  -257.163   169.855     1.705    5    3    6    7
  67  -135.662   -27.735     2.236   96   89   91   95
  68   -54.195    -0.298     2.527   88   81   85   88
  69  -139.170   -27.759     2.521   98   90   92   94
  70   -55.490    70.305     2.161   43   35   37   32
  71  -130.714   -28.164     2.037   99   92   94   97
  72   -91.492    58.746     1.423   47   40   41   48
  73  -129.600    97.285     1.433   22   22   23   25
  74  -237.583    95.569     3.244   23   24   29   30
  75  -118.182    55.448     1.646   80   72   77   77
  76  -123.199   -19.004     1.781   91   84   86   89
  77   -36.995    56.405     2.486   81   71   76   73
  78  -172.567    97.117     1.117   17   15   24   28
  79  -236.615    56.540     1.298   57   56   69   72
  80   -10.148    57.323     2.802   79   67   72   62
  81   -30.826    71.159     2.299   40   30   31   31
  82  -271.987   173.923     1.987    0    0    2    2
  83  -134.027   -22.386     2.122   94   87   89   92
  84    -8.994   171.842   -11.506    6    4    3    0
  85     2.773   -26.438    10.174   95   94   90   93
  86    11.414   172.283     4.154    7    2    4    5
  87     1.445   175.015   -13.739    1    1    5    4
  88  -241.561    56.431     3.129   56   -1   68   71
  89  -271.017    38.558    27.936   -1   73   80   78
  90    30.230   164.775   -51.191    4    6   -1    6
  91    36.055   -18.948   -12.417   90   82   -1   98
