93
   1  -241.959    69.723     2.824   35   29   38   37
   2   -40.074   134.111     1.644   10    8    8    9
   3  -217.233    69.906     2.267   36   30   35   35
   4    -8.570   134.167     2.338   11    9    7    8
   5   -73.940    97.164     1.068   31   27   28   23
   6  -192.353    69.528     2.143   38   34   42   38
   7   -42.867    98.831     1.547   20   15   16   13
   8   -83.945    97.354     1.230   28   26   25   22
   9  -117.024    98.715     1.061   14   12   15   20
  10   -78.297    27.247     1.872   85   80   84   80
  11   -32.970    98.591     1.722   25   18   19   14
  12  -136.491    57.985     1.749   53   51   52   51
  13   -97.545    28.619     1.632   84   79   83   79
  14  -166.609    69.954     2.059   37   32   39   34
  15  -142.243    57.969     1.862   52   50   51   52
  16  -184.696    55.700     2.319   78   72   78   73
  17  -190.456    55.692     2.338   77   71   77   72
  18   -78.819    96.941     1.189   32   28   30   26
  19  -103.485    56.874     1.693   74   68   74   66
  20  -246.442    95.820     2.473   19   22   31   28
  21  -160.593    57.862     2.074   50   47   53   53
  22   -86.353    59.045     1.735   44   38   43   40
  23  -109.181    56.851     1.683   73   67   73   67
  24  -126.937    98.971     1.356   13   10   13   15
  25   -37.821    98.356     1.640   26   20   22   19
  26   -80.054    58.790     1.895   49   41   45   46
  27  -132.297    98.898     1.399   12   11   14   17
  28  -166.348    57.836     2.140   48   46   54   54
  29  -181.529    97.317     1.281   16   14   24   25
  30  -139.585    70.136     1.769   39   33   36   33
  31  -120.794    57.033     1.646   65   66   68   63
  32   -74.289    58.819     2.023   51   40   46   44
  33  -115.483    57.119     1.638   64   65   67   62
  34   -55.915    57.662     2.254   70   60   62   59
  35    -4.318    98.631     2.310   29   21   20   11
  36  -148.432    58.204     1.951   46   42   47   47
  37  -111.288    69.937     1.464   41   37   41   36
  38   -39.673    58.057     2.476   66   53   57   50
  39   -50.171    57.686     2.331   71   61   64   58
  40  -196.861    55.966     2.357   72   70   76   71
  41   -91.636    58.821     1.673   47   39   44   45
  42  -121.841    98.496     1.225   15   13   17   21
  43   -28.032    57.836     2.588   75   58   65   56
  44   -14.193    98.664     2.066   27   19   18   12
  45  -172.521    58.016     2.192   45   43   48   48
  46  -223.491    56.709     2.670   55   55   61   65
  47   -62.253    57.711     2.166   68   56   59   57
  48   -34.327    58.067     2.537   69   54   58   49
  49   -22.275    57.858     2.590   76   59   66   55
  50  -248.011    56.646     3.232   54   52   60   64
  51    -9.131    98.395     2.169   30   24   23   16
  52    -1.178    58.755     3.159   62   49   55   43
  53   -83.797    70.313     1.674   42   35   37   32
  54  -129.694   -20.558     2.009   93   88   91   88
  55   -12.809    58.976     2.748   58   44   49   41
  56   -49.362    -0.056     2.647   87   82   87   83
  57     4.589    58.773     3.349   63   48   56   42
  58   -39.986    30.584     2.281   82   76   81   76
  59    -7.270    58.975     2.901   59   45   50   39
  60   -26.818    29.968     2.509   83   78   82   77
  61   -47.922    98.496     1.191   21   16   21   18
  62  -126.240   -27.833     1.881   97   98   96   93
  63  -136.587   -20.456     2.280   92   87   90   87
  64   -59.271    -0.017     2.454   86   81   86   82
  65  -257.166   169.857     1.698    5    3    6    7
  66  -135.664   -27.736     2.238   96   96   95   92
  67   -54.200    -0.296     2.520   88   83   88   84
  68  -139.171   -27.758     2.519   98   97   94   91
  69   -55.496    70.307     2.163   43   36   40   31
  70  -130.715   -28.162     2.030   99   99   97   94
  71  -129.601    97.285     1.438   22   23   26   24
  72  -118.184    55.447     1.639   80   74   80   74
  73   -89.017    57.368     1.670   67   64   63   61
  74  -123.205   -19.000     1.789   91   86   89   86
  75  -211.958    56.453     4.167   61   63   70   68
  76   -36.995    56.405     2.479   81   73   79   70
  77  -237.239    95.540     2.212   23   25   32   29
  78  -172.569    97.117     1.122   17   17   27   27
  79   -10.154    57.324     2.804   79   69   75   60
  80  -237.227    56.440     2.995   57   57   72   69
  81   -30.828    71.161     2.325   40   31   34   30
  82  -271.998   173.923     1.946    0    0    2    2
  83    15.114   170.133     2.017    7    5    4    5
  84  -134.031   -22.381     2.125   94   89   92   89
  85    -8.995   171.841   -11.532    6    4    3    0
  86     2.140   175.063   -16.241    1    1    5    6
  87  -217.063    56.514     2.588   60   62   69   -1
  88  -246.502    97.999    43.475   24   -1   33   10
  89  -282.270    39.938   -69.472   -1   75   71   78
  90     6.962   175.347     1.367    4    2   -1    3
  91    13.896   -27.379     4.357   95  101   93   -1
  92     4.988   147.522    47.329    9    7   -1    4
  93  -276.352   136.421    14.149    8    6   10   -1
