90
   0    0    -39.471    133.966     41.715 4
   1    1     -7.905    134.030     42.383 4
   2    2   -241.641     69.454     42.832 4
   3    3   -216.884     69.640     42.313 4
   4    4   -191.964     69.268     42.195 4
   5    5   -166.171     69.689     42.130 4
   6    6    -97.015     28.296     41.679 4
   7    7    -77.720     26.918     41.914 4
  10    9   -223.153     56.418     42.681 4
   8   10   -196.484     55.685     42.362 4
   9    8   -172.105     57.736     42.239 4
  11   13   -141.779     57.704     41.972 4
  12   11   -136.011     57.721     41.832 4
  14   12   -147.983     57.925     42.066 4
  13   14   -139.118     69.877     41.860 4
  16   15   -247.723     56.350     43.263 4
  20   19   -129.163    -20.968     41.978 4
  18   17   -181.134     97.098     41.333 4
  17   18   -126.449     98.761     41.424 4
  -1   -2   -102.956     56.606     41.791 4
  22   20    -83.377     97.147     41.333 4
  -1   -2   -108.660     56.586     41.772 4
  19   24   -131.821     98.686     41.482 4
  21   23   -114.974     56.839     41.742 4
  23   26    -79.484     58.535     41.981 4
  24   25    -73.695     58.562     42.115 4
  26   27   -136.108    -20.851     42.305 4
  25   28    -42.253     98.634     41.675 4
  29   29    -47.319     98.274     41.627 4
  27   30    -55.327     57.411     42.315 4
  31   31    -49.554     57.431     42.416 4
  30   33    -85.793     58.775     41.826 4
  33   32   -246.147     95.592     42.481 4
  32   34   -110.769     69.678     41.556 4
  35   36    -21.609     57.608     42.656 4
  34   35    -27.394     57.585     42.650 4
  36   38    -39.052     57.785     42.563 4
  37   37    -61.663     57.438     42.237 4
  39   39    -13.532     98.458     42.138 4
  38   40    -39.367     30.274     42.333 4
  42   42    -33.688     57.797     42.613 4
  43   43   -120.136     56.660     41.505 4
  41   41    -48.721     -0.414     42.600 4
  44   44     -0.502     58.515     43.205 4
  45   46      5.275     58.524     43.411 4
  40   45   -135.167    -28.191     42.294 4
  46   48    -26.169     29.638     42.499 4
  49   50   -138.678    -28.212     42.643 4
  48   49    -12.141     58.711     42.825 4
  50   51    -58.672     -0.381     42.464 4
  -1   -2     -6.575     58.709     42.973 4
  -1   -2    -90.882     58.428     41.502 4
  51   54   -256.886    169.734     41.676 4
  52   55    -53.604     -0.666     42.554 4
  -1   -2   -237.236     95.350     43.248 4
  54   57    -83.227     70.058     41.758 4
  -1   -2   -117.729     98.507     42.161 4
  55   59     -4.906     98.426     43.280 4
  56   58   -172.506     96.942     42.233 4
  58   60    -73.782     97.001     42.229 4
  59   61   -122.689    -19.399     41.815 4
  60   63   -126.832    -28.243     42.830 4
  -1   -2    -33.111     98.489     41.844 4
  61   64   -160.867     57.693     40.553 4
  63   65    -54.889     70.061     42.241 4
  64   66   -129.115     97.077     41.504 4
  65   68   -212.347     56.281     42.591 4
  66   67   -236.878     56.165     43.007 4
  67   69   -185.685     55.429     42.430 4
  68   71    -36.371     56.135     42.588 4
  -1   -2     -9.469     57.060     42.885 4
  -1   -2   -133.544    -22.787     42.149 4
  -1   -2   -271.674    173.802     42.015 4
  71   73    -30.173     70.902     42.429 4
  -1   -2      0.809    171.736     66.595 4
  -1   -2      6.734    175.509     16.318 4
  -1   -2   -279.884    138.795     35.758 4
  -1   -2     21.315    165.538     14.385 4
  75   79   -165.900     57.544     42.137 4
  77   80    -78.259     96.758     41.302 4
  -1   -2     -3.794    -27.572     53.082 4
  -1   -2   -254.976    -37.375      4.124 4
  -1   -2    -56.540    -23.543     44.415 4
  -1   -2   -260.372    -25.068     35.293 4
  -1   -2   -283.489     29.780     28.415 4
  -1   -2   -289.759     96.904      7.494 4
  -1   -2   -120.651    -25.260     39.028 4
  -1   -2    -46.352    -21.998    -17.739 4
  -1   -2    -36.851    -21.866    -11.740 4
  -1   -2     12.375    -19.922     71.648 4
