90
   0    0    -39.471    133.966     41.715
   1    1     -7.905    134.030     42.383
   2    2   -241.641     69.454     42.832
   3    3   -216.884     69.640     42.313
   4    4   -191.964     69.268     42.195
   5    5   -166.171     69.689     42.130
   6    6    -97.015     28.296     41.679
   7    7    -77.720     26.918     41.914
  10    9   -223.153     56.418     42.681
   8   10   -196.484     55.685     42.362
   9    8   -172.105     57.736     42.239
  11   13   -141.779     57.704     41.972
  12   11   -136.011     57.721     41.832
  14   12   -147.983     57.925     42.066
  13   14   -139.118     69.877     41.860
  16   15   -247.723     56.350     43.263
  20   19   -129.163    -20.968     41.978
  18   17   -181.134     97.098     41.333
  17   18   -126.449     98.761     41.424
  -1   -2   -102.956     56.606     41.791
  22   20    -83.377     97.147     41.333
  -1   -2   -108.660     56.586     41.772
  19   24   -131.821     98.686     41.482
  21   23   -114.974     56.839     41.742
  23   26    -79.484     58.535     41.981
  24   25    -73.695     58.562     42.115
  26   27   -136.108    -20.851     42.305
  25   28    -42.253     98.634     41.675
  29   29    -47.319     98.274     41.627
  27   30    -55.327     57.411     42.315
  31   31    -49.554     57.431     42.416
  30   33    -85.793     58.775     41.826
  33   32   -246.147     95.592     42.481
  32   34   -110.769     69.678     41.556
  35   36    -21.609     57.608     42.656
  34   35    -27.394     57.585     42.650
  36   38    -39.052     57.785     42.563
  37   37    -61.663     57.438     42.237
  39   39    -13.532     98.458     42.138
  38   40    -39.367     30.274     42.333
  42   42    -33.688     57.797     42.613
  43   43   -120.136     56.660     41.505
  41   41    -48.721     -0.414     42.600
  44   44     -0.502     58.515     43.205
  45   46      5.275     58.524     43.411
  40   45   -135.167    -28.191     42.294
  46   48    -26.169     29.638     42.499
  49   50   -138.678    -28.212     42.643
  48   49    -12.141     58.711     42.825
  50   51    -58.672     -0.381     42.464
  -1   -2     -6.575     58.709     42.973
  -1   -2    -90.882     58.428     41.502
  51   54   -256.886    169.734     41.676
  52   55    -53.604     -0.666     42.554
  -1   -2   -237.236     95.350     43.248
  54   57    -83.227     70.058     41.758
  -1   -2   -117.729     98.507     42.161
  55   59     -4.906     98.426     43.280
  56   58   -172.506     96.942     42.233
  58   60    -73.782     97.001     42.229
  59   61   -122.689    -19.399     41.815
  60   63   -126.832    -28.243     42.830
  -1   -2    -33.111     98.489     41.844
  61   64   -160.867     57.693     40.553
  63   65    -54.889     70.061     42.241
  64   66   -129.115     97.077     41.504
  65   68   -212.347     56.281     42.591
  66   67   -236.878     56.165     43.007
  67   69   -185.685     55.429     42.430
  68   71    -36.371     56.135     42.588
  -1   -2     -9.469     57.060     42.885
  -1   -2   -133.544    -22.787     42.149
  -1   -2   -271.674    173.802     42.015
  71   73    -30.173     70.902     42.429
  -1   -2      0.809    171.736     66.595
  -1   -2      6.734    175.509     16.318
  -1   -2   -279.884    138.795     35.758
  -1   -2     21.315    165.538     14.385
  75   79   -165.900     57.544     42.137
  77   80    -78.259     96.758     41.302
  -1   -2     -3.794    -27.572     53.082
  -1   -2   -254.976    -37.375      4.124
  -1   -2    -56.540    -23.543     44.415
  -1   -2   -260.372    -25.068     35.293
  -1   -2   -283.489     29.780     28.415
  -1   -2   -289.759     96.904      7.494
  -1   -2   -120.651    -25.260     39.028
  -1   -2    -46.352    -21.998    -17.739
  -1   -2    -36.851    -21.866    -11.740
  -1   -2     12.375    -19.922     71.648
