90
  -1    0    -39.471    133.964     41.730
  -1    1     -7.907    134.028     42.388
  -1    2   -241.642     69.453     42.824
  -1    3   -216.884     69.641     42.315
  -1    4   -191.965     69.265     42.206
  -1    5   -166.171     69.691     42.133
  -1    6    -97.012     28.295     41.686
  -1    7    -77.718     26.915     41.912
  -1    9   -196.481     55.683     42.369
  -1   10   -172.104     57.735     42.260
  -1    8   -223.151     56.420     42.683
  -1   11   -141.781     57.702     41.973
  -1   12   -136.014     57.719     41.846
  -1   14   -139.118     69.876     41.861
  -1   13   -147.981     57.924     42.054
  -1   -2   -237.699     95.279     42.334
  -1   15   -247.721     56.353     43.267
  -1   18   -126.450     98.764     41.414
  -1   17   -181.133     97.093     41.328
  -1   22   -131.823     98.686     41.492
  -1   16   -129.155    -20.970     41.981
  -1   23   -114.971     56.839     41.754
  -1   20    -83.378     97.145     41.345
  -1   24    -79.483     58.534     41.985
  -1   25    -73.693     58.561     42.126
  -1   27    -42.250     98.634     41.676
  -1   26   -136.107    -20.849     42.305
  -1   29    -55.323     57.410     42.321
  -1   -2    -90.890     58.433     42.055
  -1   28    -47.317     98.269     41.625
  -1   31    -85.793     58.777     41.817
  -1   30    -49.552     57.431     42.406
  -1   33   -110.769     69.677     41.555
  -1   32   -246.144     95.590     42.492
  -1   35    -27.389     57.585     42.653
  -1   34    -21.607     57.607     42.652
  -1   36    -39.050     57.784     42.564
  -1   37    -61.666     57.438     42.233
  -1   39    -39.366     30.275     42.343
  -1   38    -13.529     98.461     42.143
  -1   45   -135.168    -28.191     42.302
  -1   42    -48.719     -0.414     42.592
  -1   40    -33.682     57.798     42.626
  -1   41   -120.130     56.657     41.503
  -1   43     -0.504     58.514     43.197
  -1   44      5.274     58.527     43.408
  -1   46    -26.169     29.637     42.504
  -1   -2     -6.589     58.685     42.730
  -1   48    -12.140     58.709     42.834
  -1   47   -138.673    -28.212     42.635
  -1   49    -58.677     -0.382     42.473
  -1   52   -256.886    169.735     41.676
  -1   53    -53.605     -0.668     42.555
  -1   -2   -117.722     98.507     42.156
  -1   55    -83.228     70.061     41.751
  -1   57     -4.911     98.427     43.284
  -1   58   -172.506     96.940     42.233
  -1   -2    -32.768     98.433     42.833
  -1   59    -73.783     97.000     42.246
  -1   60   -122.690    -19.399     41.800
  -1   61   -126.818    -28.247     42.834
  -1   63   -160.870     57.691     40.545
  -1   -2   -103.627     56.702     40.184
  -1   64    -54.890     70.059     42.236
  -1   65   -129.111     97.074     41.519
  -1   66   -212.346     56.282     42.586
  -1   67   -236.883     56.164     43.005
  -1   68   -185.689     55.428     42.421
  -1   69    -36.367     56.131     42.599
  -1   -2   -133.533    -22.793     42.156
  -1   -2   -271.694    173.789     41.965
  -1   73    -30.168     70.916     42.402
  -1   -2      0.852    171.732     66.672
  -1   -2      6.764    175.513     16.186
  -1   -2   -279.845    138.867     35.817
  -1   78   -165.895     57.546     42.147
  -1   -2   -108.653     56.554     41.673
  -1   79    -78.256     96.758     41.301
  -1   -2    -37.241     98.178     41.807
  -1   -2     -9.428     57.002     42.681
  -1   -2     -3.790    -27.568     53.085
  -1   -2   -255.134    -37.483      4.852
  -1   -2   -283.284     30.226     28.976
  -1   -2   -277.302     95.353     47.750
  -1   -2   -121.291    -25.094     35.535
  -1   -2    -50.601    -23.243      0.780
  -1   -2     12.058    -20.474     73.596
  -1   -2     30.913    164.635    -10.258
  -1   -2    -46.377    -21.310    -29.320
  -1   -2    -11.900    -42.774     34.939
