92
   0   -2    -39.471    133.965     41.721
   1   -2     -7.910    134.027     42.386
   2   -2   -241.644     69.453     42.826
   3   -2   -216.884     69.641     42.320
   4   -2   -191.965     69.267     42.203
   5   -2   -166.174     69.690     42.142
   6   -2    -97.016     28.296     41.684
   7   -2    -77.720     26.918     41.910
  10   -2   -172.107     57.735     42.249
   8   -2   -223.156     56.420     42.681
   9   -2   -196.483     55.682     42.372
  12   -2   -136.014     57.722     41.839
  13   -2   -147.983     57.925     42.057
  11   -2   -141.785     57.704     41.982
  14   -2   -139.120     69.876     41.859
  15   -2   -247.723     56.350     43.258
  -1   -2   -237.700     95.279     42.336
  17   -2   -181.135     97.097     41.338
  18   -2   -126.449     98.765     41.424
  16   -2   -129.165    -20.969     41.995
  20   -2    -83.381     97.146     41.341
  -1   -2   -102.958     56.606     41.793
  -1   -2   -108.664     56.587     41.768
  23   -2   -114.967     56.837     41.727
  22   -2   -131.819     98.686     41.495
  25   -2    -73.695     58.561     42.122
  24   -2    -79.486     58.535     41.977
  26   -2   -136.104    -20.853     42.305
  27   -2    -42.256     98.632     41.690
  28   -2    -47.325     98.272     41.632
  29   -2    -55.325     57.412     42.316
  30   -2    -49.555     57.431     42.410
  32   -2   -246.151     95.592     42.484
  31   -2    -85.795     58.774     41.830
  33   -2   -110.772     69.678     41.563
  35   -2    -27.394     57.587     42.649
  34   -2    -21.609     57.608     42.648
  37   -2    -61.663     57.434     42.241
  36   -2    -39.056     57.787     42.579
  38   -2    -13.534     98.462     42.161
  39   -2    -39.363     30.274     42.338
  42   -2    -48.722     -0.417     42.587
  40   -2    -33.686     57.792     42.626
  41   -2   -120.127     56.655     41.494
  43   -2     -0.505     58.515     43.200
  45   -2   -135.172    -28.192     42.289
  44   -2      5.273     58.528     43.412
  -1   -2     -6.591     58.689     42.717
  46   -2    -26.173     29.638     42.505
  48   -2    -12.141     58.711     42.828
  47   -2   -138.677    -28.212     42.633
  49   -2    -58.678     -0.380     42.472
  -1   -2    -90.884     58.429     41.521
  -1   -2    -33.236     98.337     43.738
  52   -2   -256.880    169.732     41.697
  53   -2    -53.605     -0.663     42.551
  -1   -2   -252.728    -24.313     44.017
  55   -2    -83.230     70.059     41.756
  58   -2   -172.513     96.942     42.220
  57   -2     -4.903     98.429     43.272
  59   -2    -73.785     97.000     42.239
  60   -2   -122.685    -19.397     41.805
  -1   -2   -117.297     98.604     41.244
  61   -2   -126.825    -28.245     42.816
  63   -2   -160.871     57.691     40.543
  64   -2    -54.894     70.060     42.221
  65   -2   -129.118     97.078     41.503
  67   -2   -236.886     56.164     43.001
  66   -2   -212.347     56.282     42.574
  68   -2   -185.690     55.425     42.412
  -1   -2     15.802    170.030     42.032
  69   -2    -36.372     56.137     42.591
  -1   -2   -271.712    173.784     41.953
  73   -2    -30.173     70.909     42.397
  -1   -2     -4.577    175.004     39.198
  -1   -2      3.653    -23.853     47.499
  -1   -2   -277.551    144.469     43.305
  -1   -2      9.061    173.783     39.313
  -1   -2   -137.738    -22.816     31.647
  78   -2   -165.905     57.546     42.133
  79   -2    -78.263     96.759     41.320
  -1   -2     -9.430     57.006     42.718
  -1   -2    -14.257    170.758     41.150
  -1   -2    -16.040    -22.896     39.576
  -1   -2   -255.202    -37.534      5.167
  -1   -2    -63.562    -23.013     28.565
  -1   -2   -284.115     29.686     26.419
  -1   -2   -148.472     95.967     -0.240
  -1   -2   -288.090     97.131     13.012
  -1   -2   -120.227    -25.209     37.208
  -1   -2     27.203    -33.907     11.315
  -1   -2     27.824    164.960    -10.775
