90
   1   -39.471   133.964    41.730   12    6    8    7
   2    -7.907   134.028    42.388   13    7    7    6
   3  -241.642    69.453    42.824   35   25   35   36
   4  -216.884    69.641    42.315   36   26   33   34
   5  -191.965    69.265    42.206   39   30   40   37
   6  -166.171    69.691    42.133   37   28   36   33
   7   -97.012    28.295    41.686   83   67   80   76
   8   -77.718    26.915    41.912   84   68   81   77
   9  -196.481    55.683    42.369   73   61   73   70
  10  -172.104    57.735    42.260   45   38   46   49
  11  -223.151    56.420    42.683   55   50   59   63
  12  -141.781    57.702    41.973   52   43   48   51
  13  -136.014    57.719    41.846   53   44   51   50
  14  -139.118    69.876    41.861   38   29   34   32
  15  -147.981    57.924    42.054   46   39   45   46
  16  -237.699    95.279    42.334   26   21   30   28
  17  -247.721    56.353    43.267   54   47   57   62
  18  -126.450    98.764    41.414   14    9   15   16
  19  -181.133    97.093    41.328   19   11   23   25
  20  -131.823    98.686    41.492   15    8   16   17
  21  -129.155   -20.970    41.981   90   76   87   85
  22  -114.971    56.839    41.754   65   58   64   61
  23   -83.378    97.145    41.345   30   22   25   21
  24   -79.483    58.534    41.985   48   36   42   45
  25   -73.693    58.561    42.126   50   35   44   43
  26   -42.250    98.634    41.676   23   12   17   13
  27  -136.107   -20.849    42.305   89   75   86   84
  28   -55.323    57.410    42.321   69   56   60   58
  29   -90.890    58.433    42.055   47   37   43   44
  30   -47.317    98.269    41.625   25   14   21   18
  31   -85.793    58.777    41.817   44   34   41   40
  32   -49.552    57.431    42.406   70   57   61   56
  33  -110.769    69.677    41.555   42   32   38   35
  34  -246.144    95.590    42.492   22   17   29   27
  35   -27.389    57.585    42.653   72   54   62   55
  36   -21.607    57.607    42.652   75   55   63   54
  37   -39.050    57.784    42.564   64   48   55   48
  38   -61.666    57.438    42.233   68   52   58   57
  39   -39.366    30.275    42.343   81   65   77   73
  40   -13.529    98.461    42.143   29   16   19   12
  41  -135.168   -28.191    42.302   94   92   94   99
  42   -48.719    -0.414    42.592   86   70   83   79
  43   -33.682    57.798    42.626   67   49   56   47
  44  -120.130    56.657    41.503   66   59   69   64
  45    -0.504    58.514    43.197   62   46   53   42
  46     5.274    58.527    43.408   63   45   54   41
  47   -26.169    29.637    42.504   82   66   78   74
  48    -6.589    58.685    42.730   57   42   52   38
  49   -12.140    58.709    42.834   56   40   47   39
  50  -138.673   -28.212    42.635   96   91   95   98
  51   -58.677    -0.382    42.473   85   69   82   78
  52  -256.886   169.735    41.676    6    3    5    5
  53   -53.605    -0.668    42.555   87   71   84   80
  54  -117.722    98.507    42.156   16   10   18   20
  55   -83.228    70.061    41.751   41   31   37   31
  56    -4.911    98.427    43.284   31   20   22   14
  57  -172.506    96.940    42.233   20   13   26   26
  58   -32.768    98.433    42.833   27   15   20   15
  59   -73.783    97.000    42.246   33   23   27   22
  60  -122.690   -19.399    41.800   88   74   85   83
  61  -126.818   -28.247    42.834   95   93   96  100
  62  -160.870    57.691    40.545   51   41   50   52
  63  -103.627    56.702    40.184   74   60   71   65
  64   -54.890    70.059    42.236   43   33   39   30
  65  -129.111    97.074    41.519   24   19   24   23
  66  -212.346    56.282    42.586   61   53   66   67
  67  -236.883    56.164    43.005   59   51   68   68
  68  -185.689    55.428    42.421   77   62   75   71
  69   -36.367    56.131    42.599   80   63   76   69
  70  -133.533   -22.793    42.156   91   77   88   86
  71  -271.694   173.789    41.965    0    0    2    1
  72   -30.168    70.916    42.402   40   27   32   29
  73     0.852   171.732    66.672    8    2    3    0
  74     6.764   175.513    16.186    1    1    4    2
  75  -279.845   138.867    35.817    9    4    6    8
  76  -165.895    57.546    42.147   49   -1   49   53
  77  -108.653    56.554    41.673   71   -1   70   66
  78   -78.256    96.758    41.301   34   24   -1   24
  79   -37.241    98.178    41.807   28   18   -1   19
  80    -9.428    57.002    42.681   78   -1   72   59
  81    -3.790   -27.568    53.085   -1   94   92   97
  82  -255.134   -37.483     4.852   92   97   -1  101
  83  -283.284    30.226    28.976   -1   64   79   75
  84  -277.302    95.353    47.750   18   -1   31   11
  85  -121.291   -25.094    35.535   97   84   -1   91
  86   -50.601   -23.243     0.780   -1   78   90   92
  87    12.058   -20.474    73.596   93   72   97   -1
  88    30.913   164.635   -10.258    4    5   -1    3
  89   -46.377   -21.310   -29.320   -1   80   89   95
  90   -11.900   -42.774    34.939  101   99   -1   -1
