90
   1   -39.471   133.966    41.715   10    6    9    8
   2    -7.905   134.030    42.383   11    7    8    7
   3  -241.641    69.454    42.832   34   24   35   40
   4  -216.884    69.640    42.313   35   25   33   38
   5  -191.964    69.268    42.195   37   29   40   41
   6  -166.171    69.689    42.130   36   27   36   37
   7   -97.015    28.296    41.679   83   68   80   80
   8   -77.720    26.918    41.914   84   69   81   82
   9  -223.153    56.418    42.681   54   49   59   66
  10  -196.484    55.685    42.362   73   62   73   73
  11  -172.105    57.736    42.239   44   38   46   52
  12  -141.779    57.704    41.972   51   42   48   54
  13  -136.011    57.721    41.832   52   43   50   55
  14  -147.983    57.925    42.066   46   37   45   50
  15  -139.118    69.877    41.860   38   28   34   36
  16  -247.723    56.350    43.263   53   46   57   65
  17  -129.163   -20.968    41.978   90   77   87   89
  18  -181.134    97.098    41.333   17   11   24   28
  19  -126.449    98.761    41.424   13    9   16   19
  20  -102.956    56.606    41.791   74   60   71   68
  21   -83.377    97.147    41.333   29   21   26   24
  22  -108.660    56.586    41.772   71   59   70   69
  23  -131.821    98.686    41.482   12    8   17   20
  24  -114.974    56.839    41.742   63   57   64   64
  25   -79.484    58.535    41.981   47   35   42   48
  26   -73.695    58.562    42.115   49   34   44   47
  27  -136.108   -20.851    42.305   89   76   86   88
  28   -42.253    98.634    41.675   21   12   19   16
  29   -47.319    98.274    41.627   23   14   21   21
  30   -55.327    57.411    42.315   69   55   60   62
  31   -49.554    57.431    42.416   70   56   61   60
  32   -85.793    58.775    41.826   43   33   41   44
  33  -246.147    95.592    42.481   20   17   30   30
  34  -110.769    69.678    41.556   41   31   38   39
  35   -21.609    57.608    42.656   75   54   63   57
  36   -27.394    57.585    42.650   72   53   62   59
  37   -39.052    57.785    42.563   64   47   55   53
  38   -61.663    57.438    42.237   68   51   58   61
  39   -13.532    98.458    42.138   28   16   20   15
  40   -39.367    30.274    42.333   81   66   77   78
  41   -33.688    57.797    42.613   67   48   56   51
  42  -120.136    56.660    41.505   65   58   69   67
  43   -48.721    -0.414    42.600   86   71   83   84
  44    -0.502    58.515    43.205   61   44   53   46
  45     5.275    58.524    43.411   62   45   54   45
  46  -135.167   -28.191    42.294   95   95   97  100
  47   -26.169    29.638    42.499   82   67   78   79
  48  -138.678   -28.212    42.643   97   96   98   99
  49   -12.141    58.711    42.825   55   39   47   43
  50   -58.672    -0.381    42.464   85   70   82   83
  51    -6.575    58.709    42.973   56   40   52   42
  52   -90.882    58.428    41.502   45   36   43   49
  53  -256.886   169.734    41.676    5    3    6    6
  54   -53.604    -0.666    42.554   87   72   84   85
  55  -237.236    95.350    43.248   24   20   31   31
  56   -83.227    70.058    41.758   40   30   37   35
  57  -117.729    98.507    42.161   14   10   18   23
  58    -4.906    98.426    43.280   30   19   23   17
  59  -172.506    96.942    42.233   18   13   27   29
  60   -73.782    97.001    42.229   32   22   28   25
  61  -122.689   -19.399    41.815   88   75   85   87
  62  -126.832   -28.243    42.830   96   97   99  101
  63   -33.111    98.489    41.844   25   15   22   18
  64  -160.867    57.693    40.553   50   41   51   56
  65   -54.889    70.061    42.241   42   32   39   34
  66  -129.115    97.077    41.504   22   18   25   26
  67  -212.347    56.281    42.591   60   52   66   70
  68  -236.878    56.165    43.007   58   50   67   71
  69  -185.685    55.429    42.430   77   63   75   74
  70   -36.371    56.135    42.588   80   64   76   72
  71    -9.469    57.060    42.885   78   61   72   63
  72  -133.544   -22.787    42.149   91   78   88   90
  73  -271.674   173.802    42.015    0    0    2    3
  74   -30.173    70.902    42.429   39   26   32   33
  75     0.809   171.736    66.595    7    2    3    0
  76     6.734   175.509    16.318    1    1    4    4
  77  -279.884   138.795    35.758    8    4    7    9
  78    21.315   165.538    14.385    4    5    5    5
  79  -165.900    57.544    42.137   48   -1   49   58
  80   -78.259    96.758    41.302   33   23   -1   27
  81    -3.794   -27.572    53.082   -1   98   95   98
  82  -254.976   -37.375     4.124   92  100   -1  102
  83   -56.540   -23.543    44.415   -1   79   89   92
  84  -260.372   -25.068    35.293   94   94   -1   91
  85  -283.489    29.780    28.415   -1   65   79   81
  86  -289.759    96.904     7.494   16   -1   15   32
  87  -120.651   -25.260    39.028   98   86   -1   93
  88   -46.352   -21.998   -17.739   -1   81   92   95
  89   -36.851   -21.866   -11.740   -1   80   93   96
  90    12.375   -19.922    71.648   93   73   96   -1
