91
   1   -39.471   133.965    41.726   10    6    8    7
   2    -7.906   134.029    42.386   11    7    7    6
   3  -241.642    69.453    42.823   34   25   35   36
   4  -216.885    69.641    42.314   35   26   33   34
   5  -191.966    69.266    42.199   37   30   40   37
   6  -166.171    69.691    42.137   36   28   36   33
   7   -97.013    28.295    41.684   83   67   80   76
   8   -77.718    26.915    41.910   84   68   81   77
   9  -196.482    55.682    42.370   73   61   73   70
  10  -223.152    56.419    42.688   54   50   59   63
  11  -172.104    57.736    42.250   44   38   46   49
  12  -141.781    57.702    41.973   51   43   48   51
  13  -136.013    57.720    41.842   52   44   51   50
  14  -139.118    69.876    41.859   38   29   34   32
  15  -147.983    57.922    42.058   46   39   45   46
  16  -247.721    56.353    43.269   53   47   57   62
  17  -126.449    98.764    41.418   13    9   15   16
  18  -181.133    97.093    41.325   17   11   23   25
  19  -129.155   -20.970    41.986   90   76   87   85
  20  -131.819    98.689    41.482   12    8   16   17
  21  -114.971    56.840    41.751   63   58   64   61
  22   -83.376    97.146    41.343   29   22   25   21
  23   -79.483    58.535    41.984   47   36   42   45
  24   -73.693    58.562    42.127   49   35   44   43
  25   -42.251    98.634    41.677   21   12   17   13
  26  -136.108   -20.850    42.311   89   75   86   84
  27   -85.794    58.776    41.823   43   34   41   40
  28   -55.324    57.410    42.318   69   56   60   58
  29   -47.317    98.269    41.624   23   14   21   18
  30   -49.551    57.431    42.407   70   57   61   56
  31  -110.769    69.677    41.553   41   32   38   35
  32  -246.143    95.590    42.492   20   17   29   27
  33   -27.390    57.585    42.653   72   54   62   55
  34   -21.606    57.607    42.660   75   55   63   54
  35   -39.050    57.784    42.565   64   48   55   48
  36   -61.666    57.439    42.229   68   52   58   57
  37   -39.367    30.274    42.340   81   65   77   73
  38   -13.532    98.459    42.142   28   16   19   12
  39   -48.718    -0.414    42.592   86   70   83   79
  40  -135.166   -28.190    42.302   95   92   94   99
  41   -33.682    57.796    42.633   67   49   56   47
  42  -120.131    56.655    41.511   65   59   69   64
  43    -0.505    58.513    43.202   61   46   53   42
  44     5.273    58.526    43.412   62   45   54   41
  45   -26.169    29.638    42.501   82   66   78   74
  46    -6.589    58.685    42.728   56   42   52   38
  47   -12.141    58.708    42.834   55   40   47   39
  48  -138.676   -28.214    42.647   97   91   95   98
  49   -58.676    -0.381    42.470   85   69   82   78
  50   -90.923    58.456    41.781   45   37   43   44
  51  -256.886   169.735    41.674    5    3    5    5
  52   -53.604    -0.668    42.557   87   71   84   80
  53  -237.238    95.351    43.245   24   21   30   28
  54   -83.228    70.060    41.757   40   31   37   31
  55  -117.723    98.507    42.153   14   10   18   20
  56    -4.912    98.426    43.289   30   20   22   14
  57  -172.508    96.940    42.230   18   13   26   26
  58   -32.766    98.434    42.836   25   15   20   15
  59   -73.783    97.000    42.244   32   23   27   22
  60  -122.688   -19.399    41.810   88   74   85   83
  61  -126.819   -28.248    42.833   96   93   96  100
  62  -160.867    57.692    40.548   50   41   50   52
  63  -103.626    56.701    40.188   74   60   71   65
  64   -54.892    70.057    42.243   42   33   39   30
  65  -129.110    97.076    41.512   22   19   24   23
  66  -212.348    56.281    42.587   60   53   66   67
  67  -236.884    56.164    43.004   58   51   68   68
  68  -185.687    55.429    42.423   77   62   75   71
  69   -36.366    56.131    42.599   80   63   76   69
  70  -133.531   -22.792    42.154   91   77   88   86
  71  -271.670   173.794    42.000    0    0    2    1
  72   -30.171    70.912    42.414   39   27   32   29
  73     0.843   171.727    66.670    7    2    3    0
  74     6.771   175.503    16.268    1    1    4    2
  75  -279.846   138.864    35.826    8    4    6    8
  76  -165.894    57.546    42.148   48   -1   49   53
  77  -108.652    56.556    41.677   71   -1   70   66
  78   -78.259    96.757    41.303   33   24   -1   24
  79   -37.237    98.180    41.794   27   18   -1   19
  80    -9.427    57.003    42.688   78   -1   72   59
  81    -3.790   -27.568    53.085   -1   94   92   97
  82  -254.980   -37.374     4.130   92   97   -1  101
  83  -260.560   -25.087    36.134   94   90   -1   87
  84  -283.284    30.226    28.976   -1   64   79   75
  85  -277.293    95.366    47.768   16   -1   31   11
  86  -121.290   -25.094    35.543   98   84   -1   91
  87   -50.601   -23.243     0.780   -1   78   90   92
  88    12.010   -20.487    73.450   93   72   97   -1
  89    30.903   164.650   -10.358    4    5   -1    3
  90   -46.377   -21.310   -29.320   -1   80   89   95
  91   -11.965   -42.782    35.086  103   99   -1   -1
