92
   1   -39.471   133.965    41.721   10    8   10   10
   2    -7.910   134.027    42.386   11    9    9    9
   3  -241.644    69.453    42.826   33   27   37   38
   4  -216.884    69.641    42.320   34   28   35   36
   5  -191.965    69.267    42.203   36   32   42   39
   6  -166.174    69.690    42.142   35   30   38   35
   7   -97.016    28.296    41.684   82   70   82   78
   8   -77.720    26.918    41.910   83   71   83   80
   9  -172.107    57.735    42.249   43   40   48   51
  10  -223.156    56.420    42.681   53   52   61   64
  11  -196.483    55.682    42.372   72   64   75   71
  12  -136.014    57.722    41.839   51   46   52   52
  13  -147.983    57.925    42.057   45   41   47   48
  14  -141.785    57.704    41.982   50   45   51   53
  15  -139.120    69.876    41.859   37   31   36   34
  16  -247.723    56.350    43.258   52   49   59   63
  17  -237.700    95.279    42.336   24   23   33   29
  18  -181.135    97.097    41.338   17   13   26   26
  19  -126.449    98.765    41.424   13   11   18   16
  20  -129.165   -20.969    41.995   89   80   89   87
  21   -83.381    97.146    41.341   28   24   28   22
  22  -102.958    56.606    41.793   73   63   73   66
  23  -108.664    56.587    41.768   70   62   72   67
  24  -114.967    56.837    41.727   62   60   66   62
  25  -131.819    98.686    41.495   12   10   19   18
  26   -73.695    58.561    42.122   48   37   45   45
  27   -79.486    58.535    41.977   46   38   44   46
  28  -136.104   -20.853    42.305   88   79   88   86
  29   -42.256    98.632    41.690   21   14   21   14
  30   -47.325    98.272    41.632   23   16   23   19
  31   -55.325    57.412    42.316   68   58   62   60
  32   -49.555    57.431    42.410   69   59   63   58
  33  -246.151    95.592    42.484   20   19   32   28
  34   -85.795    58.774    41.830   42   36   43   42
  35  -110.772    69.678    41.563   40   34   41   37
  36   -27.394    57.587    42.649   71   56   64   57
  37   -21.609    57.608    42.648   74   57   65   55
  38   -61.663    57.434    42.241   67   54   60   59
  39   -39.056    57.787    42.579   63   50   57   50
  40   -13.534    98.462    42.161   27   18   22   13
  41   -39.363    30.274    42.338   80   68   79   76
  42   -48.722    -0.417    42.587   85   73   85   83
  43   -33.686    57.792    42.626   66   51   58   49
  44  -120.127    56.655    41.494   64   61   71   65
  45    -0.505    58.515    43.200   60   48   55   44
  46  -135.172   -28.192    42.289   94   98   96  101
  47     5.273    58.528    43.412   61   47   56   43
  48    -6.591    58.689    42.717   55   44   54   40
  49   -26.173    29.638    42.505   81   69   81   77
  50   -12.141    58.711    42.828   54   42   49   41
  51  -138.677   -28.212    42.633   96   97   97  100
  52   -58.678    -0.380    42.472   84   72   84   82
  53   -90.884    58.429    41.521   44   39   46   47
  54   -33.236    98.337    43.738   25   17   24   17
  55  -256.880   169.732    41.697    5    3    7    7
  56   -53.605    -0.663    42.551   86   74   86   84
  57  -252.728   -24.313    44.017   91   96   90   89
  58   -83.230    70.059    41.756   39   33   39   33
  59  -172.513    96.942    42.220   18   15   29   27
  60    -4.903    98.429    43.272   29   22   25   15
  61   -73.785    97.000    42.239   31   25   30   23
  62  -122.685   -19.397    41.805   87   78   87   85
  63  -117.297    98.604    41.244   14   12   20   20
  64  -126.825   -28.245    42.816   95   99   98  102
  65  -160.871    57.691    40.543   49   43   53   54
  66   -54.894    70.060    42.221   41   35   40   32
  67  -129.118    97.078    41.503   22   21   27   24
  68  -236.886    56.164    43.001   57   53   69   69
  69  -212.347    56.282    42.574   59   55   68   68
  70  -185.690    55.425    42.412   76   65   77   72
  71    15.802   170.030    42.032    7    5    4    5
  72   -36.372    56.137    42.591   79   66   78   70
  73  -271.712   173.784    41.953    0    0    2    3
  74   -30.173    70.909    42.397   38   29   34   31
  75    -4.577   175.004    39.198    1    1    3    0
  76     3.653   -23.853    47.499   93   81   95   99
  77  -277.551   144.469    43.305    8    6    8    8
  78     9.061   173.783    39.313    4    2    6    6
  79  -137.738   -22.816    31.647   90   92   91   88
  80  -165.905    57.546    42.133   47   -1   50   56
  81   -78.263    96.759    41.320   32   26   -1   25
  82    -9.430    57.006    42.718   77   -1   74   61
  83   -14.257   170.758    41.150    6    4   -1    4
  84   -16.040   -22.896    39.576   -1   82   93   98
  85  -255.202   -37.534     5.167   92  102   -1  104
  86   -63.562   -23.013    28.565   -1   83   92   91
  87  -284.115    29.686    26.419   -1   67   80   79
  88  -148.472    95.967    -0.240   19   -1   31   21
  89  -288.090    97.131    13.012   16   -1   17   30
  90  -120.227   -25.209    37.208   97   91   -1   93
  91    27.203   -33.907    11.315   -1  101   99  103
  92    27.824   164.960   -10.775    3    7   -1    2
