96
   0   -2   -153.151     30.180    -76.227 4
   1   -2    -37.441    137.493    -77.642 4
   2   -2   -238.462     72.728    -76.162 4
   3   -2     -5.999    137.514    -77.452 4
   4   -2   -213.805     72.952    -76.265 4
   5   -2    -75.058     30.949    -76.756 4
   6   -2    -94.309     32.268    -76.641 4
   7   -2      7.394     62.516    -76.022 4
  10   -2      1.724     62.481    -76.222 4
  11   -2    -19.412     61.558    -76.905 4
   8   -2   -188.983     72.691    -77.175 4
   9   -2    -46.108      3.857    -76.816 4
  12   -2    -47.222     61.345    -76.757 4
  15   -2   -243.095     98.768    -76.500 4
  13   -2    -71.278     62.424    -76.755 4
  17   -2   -238.082     59.441    -75.947 4
  16   -2   -232.419     59.481    -75.946 4
  18   -2    -25.024     61.530    -76.906 4
  14   -2     -9.903     62.729    -76.715 4
  19   -2   -213.597     59.676    -76.175 4
  -1   -2   -100.380     60.419    -77.210 4
  20   -2   -207.926     59.729    -76.283 4
  28   -2     -4.363     62.698    -76.502 4
  23   -2     -1.637    102.232    -77.073 4
  21   -2    -52.899     61.308    -76.700 4
  27   -2   -187.050     58.902    -76.881 4
  22   -2   -244.463     59.709    -75.813 4
  26   -2   -181.348     58.946    -76.917 4
  24   -2   -157.297     61.186    -77.125 4
  25   -2    -30.198    102.181    -77.472 4
  30   -2    -76.974     62.382    -76.736 4
  29   -2    -71.096    100.649    -77.358 4
  32   -2   -162.988     61.142    -76.981 4
  -1   -2   -106.057     60.374    -77.370 4
  33   -2   -220.021     59.896    -76.042 4
  34   -2    -36.629     61.785    -76.869 4
  35   -2   -163.275     73.212    -77.131 4
  36   -2    -31.320     61.772    -76.939 4
  31   -2    -23.706     33.768    -76.276 4
  38   -2    -36.845     34.362    -76.556 4
  37   -2   -178.325    100.513    -77.681 4
  39   -2   -126.101    -16.838    -75.445 4
  40   -2   -193.417     59.162    -76.742 4
  41   -2    -83.272     62.647    -76.791 4
  44   -2   -117.619     60.476    -77.515 4
  42   -2   -169.142     61.319    -76.883 4
  48   -2   -123.948    102.332    -78.156 4
  47   -2   -112.369     60.618    -77.475 4
  46   -2   -145.108     61.548    -77.373 4
  49   -2    -59.191     61.343    -76.716 4
  43   -2    -40.070    102.410    -77.415 4
  45   -2    -81.032    100.786    -77.388 4
  50   -2   -129.250    102.175    -78.157 4
  52   -2    -56.026      3.870    -76.881 4
  53   -2    -11.471    102.254    -77.355 4
  51   -2    -50.913      3.633    -76.876 4
  55   -2   -136.337     73.497    -77.840 4
  56   -2     -6.376    101.997    -77.249 4
  57   -2    -34.993    101.968    -77.465 4
  58   -2    -75.919    100.427    -77.369 4
  -1   -2    -88.451     62.331    -76.859 4
  60   -2   -108.176     73.407    -77.680 4
  62   -2   -132.119    -24.018    -74.853 4
  63   -2   -135.546    -24.099    -74.636 4
  -1   -2    -45.212    102.118    -77.322 4
  64   -2   -168.939    100.274    -76.699 4
  -1   -2      2.656    170.127    -78.618 4
  67   -2   -233.929     98.517    -76.693 4
  -1   -2   -133.949     61.280    -79.211 4
  -1   -2   -114.874    102.077    -78.208 4
  -1   -2   -123.537    -24.289    -75.194 4
  71   -2    -80.724     73.851    -76.810 4
  73   -2   -266.203    155.001    -78.374 4
  72   -2   -119.695    -15.219    -75.682 4
  74   -2     -7.278     61.023    -76.621 4
  75   -2    -34.035     60.067    -76.905 4
  76   -2    -52.523     73.928    -76.732 4
  77   -2   -115.032     58.911    -77.447 4
  79   -2   -126.609    100.597    -78.147 4
  -1   -2   -263.874    160.921    -79.771 4
  80   -2     11.267    178.093    -79.068 4
  -1   -2    -68.950      3.089    -74.299 4
  -1   -2    -27.876     74.792    -77.064 4
  82   -2   -130.458    -18.650    -75.128 4
  -1   -2   -269.457    165.889    -97.112 4
  -1   -2   -253.147    181.107    -11.732 4
  -1   -2      9.958    -28.340    -20.278 4
  -1   -2   -257.205    178.073    -10.900 4
  89   -2   -139.070     61.315    -77.369 4
  90   -2   -173.257    100.142    -77.901 4
  -1   -2    -42.851    100.737    -77.222 4
  -1   -2   -260.467    -39.642    -74.034 4
  -1   -2    -90.962    127.207    -17.574 4
  -1   -2   -125.842    -22.924    -91.194 4
  -1   -2   -283.378     28.112     -8.270 4
  -1   -2     54.666    -28.367     64.685 4
