97
  -1    0   -153.141     30.178    -76.245 4
  -1    1    -37.432    137.495    -77.645 4
  -1    2   -238.464     72.729    -76.191 4
  -1    3     -5.990    137.516    -77.449 4
  -1    4   -213.802     72.955    -76.274 4
  -1    5    -75.050     30.951    -76.772 4
  -1    6    -94.306     32.268    -76.633 4
  -1    7      7.398     62.515    -76.033 4
  -1    9    -46.101      3.853    -76.830 4
  -1    8   -188.980     72.691    -77.186 4
  -1   11    -19.411     61.555    -76.916 4
  -1   10      1.730     62.485    -76.238 4
  -1   12    -47.221     61.346    -76.757 4
  -1   14     -9.896     62.730    -76.724 4
  -1   15   -243.093     98.768    -76.496 4
  -1   13    -71.275     62.425    -76.757 4
  -1   -2   -100.375     60.421    -77.209 4
  -1   16   -232.420     59.481    -75.963 4
  -1   17   -238.074     59.442    -75.968 4
  -1   19   -213.591     59.673    -76.192 4
  -1   21    -52.898     61.310    -76.718 4
  -1   20   -207.923     59.731    -76.280 4
  -1   18    -25.015     61.530    -76.914 4
  -1   25    -30.192    102.182    -77.486 4
  -1   23     -1.628    102.234    -77.083 4
  -1   24   -157.287     61.185    -77.131 4
  -1   28     -4.360     62.693    -76.516 4
  -1   27   -187.044     58.900    -76.886 4
  -1   22   -244.457     59.713    -75.821 4
  -1   26   -181.347     58.945    -76.908 4
  -1   31    -23.704     33.769    -76.285 4
  -1   29    -71.087    100.652    -77.369 4
  -1   -2   -133.261     61.398    -77.520 4
  -1   -2   -106.050     60.375    -77.354 4
  -1   30    -76.962     62.385    -76.753 4
  -1   32   -162.982     61.140    -76.979 4
  -1   34    -36.624     61.781    -76.870 4
  -1   33   -220.018     59.898    -76.061 4
  -1   35   -163.266     73.209    -77.128 4
  -1   89   -138.955     61.348    -77.434 4
  -1   36    -31.321     61.773    -76.962 4
  -1   37   -178.317    100.512    -77.693 4
  -1   39   -126.099    -16.839    -75.431 4
  -1   38    -36.843     34.363    -76.593 4
  -1   40   -193.413     59.158    -76.747 4
  -1   41    -83.270     62.648    -76.795 4
  -1   42   -169.138     61.320    -76.900 4
  -1   46   -145.101     61.550    -77.369 4
  -1   44   -117.618     60.478    -77.517 4
  -1   47   -112.362     60.614    -77.482 4
  -1   48   -123.947    102.337    -78.164 4
  -1   43    -40.066    102.414    -77.420 4
  -1   45    -81.030    100.780    -77.390 4
  -1   49    -59.183     61.345    -76.725 4
  -1   50   -129.243    102.177    -78.160 4
  -1   52    -56.016      3.870    -76.910 4
  -1   53    -11.464    102.252    -77.368 4
  -1   51    -50.908      3.633    -76.893 4
  -1   55   -136.334     73.493    -77.839 4
  -1   56     -6.375    102.001    -77.257 4
  -1   58    -75.913    100.429    -77.380 4
  -1   57    -34.992    101.971    -77.463 4
  -1   -2    -88.384     62.313    -77.098 4
  -1   60   -108.174     73.401    -77.688 4
  -1   62   -132.114    -24.016    -74.859 4
  -1   -2    -45.207    102.124    -77.338 4
  -1   63   -135.547    -24.094    -74.642 4
  -1   -2    -68.087      3.881    -76.637 4
  -1   -2      2.625    170.090    -78.363 4
  -1   -2   -123.524    -24.110    -73.480 4
  -1   64   -168.933    100.272    -76.703 4
  -1   -2   -114.482    102.020    -77.174 4
  -1   67   -233.923     98.518    -76.708 4
  -1   71    -80.724     73.852    -76.819 4
  -1   72   -119.699    -15.219    -75.685 4
  -1   74     -7.273     61.025    -76.617 4
  -1   73   -266.174    154.963    -78.470 4
  -1   75    -34.024     60.067    -76.927 4
  -1   76    -52.507     73.931    -76.755 4
  -1   77   -115.025     58.914    -77.444 4
  -1   79   -126.600    100.597    -78.169 4
  -1   -2   -263.878    160.904    -79.724 4
  -1   80     11.264    178.099    -79.058 4
  -1   82   -130.460    -18.656    -75.147 4
  -1   -2   -266.805    164.259    -77.378 4
  -1   -2   -261.461    174.452    -75.212 4
  -1   -2   -269.574    166.075    -97.695 4
  -1   -2   -253.974    178.192      0.457 4
  -1   90   -173.258    100.140    -77.911 4
  -1   -2   -118.726    101.886    -78.370 4
  -1   -2    -42.843    100.740    -77.237 4
  -1   -2   -260.364    -39.401    -74.975 4
  -1   -2    -27.933     74.776    -77.117 4
  -1   -2   -127.867    -20.189    -83.222 4
  -1   -2      5.692    -37.304    -61.441 4
  -1   -2   -255.415    189.793    -22.922 4
  -1   -2   -272.882     35.092    -55.964 4
