97
   0    0   -153.145     30.181    -76.227
   1    1    -37.436    137.494    -77.645
   2    2   -238.460     72.727    -76.182
   3    3     -6.000    137.513    -77.461
   4    4   -213.803     72.951    -76.270
   5    5    -75.053     30.952    -76.772
   6    6    -94.310     32.271    -76.643
   7    7      7.395     62.515    -76.030
   9   10   -188.985     72.692    -77.182
   8   11    -46.110      3.855    -76.822
  11    8      1.726     62.485    -76.237
  10    9    -19.406     61.556    -76.911
  12   12    -47.223     61.346    -76.749
  15   14    -71.278     62.424    -76.752
  13   18     -9.900     62.730    -76.727
  14   13   -243.093     98.770    -76.490
  17   16   -232.419     59.482    -75.951
  18   15   -238.078     59.441    -75.966
  22   17    -25.021     61.526    -76.912
  19   19   -213.594     59.672    -76.184
  21   21   -207.925     59.730    -76.274
  20   24    -52.902     61.307    -76.698
  28   26   -244.461     59.710    -75.822
  24   23     -1.633    102.235    -77.086
  25   28   -157.293     61.181    -77.125
  23   29    -30.204    102.181    -77.479
  29   27   -181.349     58.947    -76.916
  27   25   -187.053     58.902    -76.874
  26   22     -4.364     62.692    -76.518
  31   31    -71.094    100.650    -77.373
  34   30    -76.968     62.381    -76.737
  30   38    -23.701     33.766    -76.268
  35   32   -162.986     61.139    -76.971
  37   34   -220.023     59.899    -76.051
  36   35    -36.629     61.780    -76.872
  38   36   -163.269     73.206    -77.121
  40   37    -31.320     61.773    -76.961
  41   40   -178.323    100.510    -77.685
  43   39    -36.843     34.362    -76.594
  42   41   -126.099    -16.839    -75.444
  44   42   -193.421     59.160    -76.742
  45   43    -83.273     62.645    -76.793
  46   45   -169.144     61.317    -76.892
  51   50    -40.069    102.406    -77.410
  48   44   -117.621     60.476    -77.510
  52   51    -81.030    100.787    -77.381
  47   48   -145.103     61.553    -77.360
  49   47   -112.367     60.614    -77.458
  50   46   -123.947    102.333    -78.175
  53   49    -59.188     61.340    -76.734
  54   52   -129.247    102.177    -78.157
  57   55    -50.908      3.636    -76.882
  55   53    -56.027      3.867    -76.893
  56   54    -11.474    102.252    -77.353
  -1   -2    -88.472     62.350    -77.134
  58   56   -136.337     73.493    -77.835
  59   57     -6.378    102.002    -77.262
  61   58    -34.998    101.967    -77.460
  60   59    -75.921    100.427    -77.366
  -1   -2   -133.036    -16.779    -75.176
  63   61   -108.175     73.402    -77.655
  -1   -2    -45.191    102.095    -77.085
  64   62   -132.112    -24.017    -74.876
  66   63   -135.542    -24.093    -74.648
  70   65   -168.938    100.273    -76.707
  -1   -2   -123.526    -24.107    -73.466
  -1   -2   -114.882    101.953    -78.082
  72   67   -233.932     98.518    -76.686
  -1   -2   -133.948     61.282    -79.211
  -1   -2   -101.037     60.303    -78.930
  -1   -2      2.527    170.037    -78.444
  73   71    -80.728     73.851    -76.808
  74   73   -119.700    -15.221    -75.679
  76   72   -266.202    154.970    -78.409
  75   74     -7.276     61.024    -76.612
  77   75    -34.033     60.070    -76.915
  78   76    -52.510     73.924    -76.734
  79   77   -115.030     58.910    -77.431
  -1   -2   -263.896    160.937    -79.957
  80   78   -126.602    100.596    -78.173
  82   80     11.269    178.089    -79.051
  -1   -2    -67.212      4.748    -80.331
  83   83   -130.456    -18.657    -75.150
  -1   -2   -101.384     61.290    -64.646
  -1   -2   -261.058    171.566    -73.226
  -1   -2   -266.788    165.349    -77.451
  -1   -2   -267.570    169.592   -103.340
  -1   -2     10.049    -28.264    -20.801
  -1   -2   -265.300    183.676    -29.972
  39   88   -139.065     61.314    -77.369
  88   89   -173.259    100.140    -77.902
  -1   -2    -90.959    127.211    -17.571
  -1   -2   -239.868    187.523    -79.016
  -1   -2   -260.245    -39.884    -74.742
  -1   -2    -27.943     74.773    -77.117
  -1   -2   -264.857    -40.009    -65.998
  -1   -2   -302.091     29.664     84.840
