96
   0   -2   -153.151     30.180    -76.227
   1   -2    -37.441    137.493    -77.642
   2   -2   -238.462     72.728    -76.162
   3   -2     -5.999    137.514    -77.452
   4   -2   -213.805     72.952    -76.265
   5   -2    -75.058     30.949    -76.756
   6   -2    -94.309     32.268    -76.641
   7   -2      7.394     62.516    -76.022
  10   -2      1.724     62.481    -76.222
  11   -2    -19.412     61.558    -76.905
   8   -2   -188.983     72.691    -77.175
   9   -2    -46.108      3.857    -76.816
  12   -2    -47.222     61.345    -76.757
  15   -2   -243.095     98.768    -76.500
  13   -2    -71.278     62.424    -76.755
  17   -2   -238.082     59.441    -75.947
  16   -2   -232.419     59.481    -75.946
  18   -2    -25.024     61.530    -76.906
  14   -2     -9.903     62.729    -76.715
  19   -2   -213.597     59.676    -76.175
  -1   -2   -100.380     60.419    -77.210
  20   -2   -207.926     59.729    -76.283
  28   -2     -4.363     62.698    -76.502
  23   -2     -1.637    102.232    -77.073
  21   -2    -52.899     61.308    -76.700
  27   -2   -187.050     58.902    -76.881
  22   -2   -244.463     59.709    -75.813
  26   -2   -181.348     58.946    -76.917
  24   -2   -157.297     61.186    -77.125
  25   -2    -30.198    102.181    -77.472
  30   -2    -76.974     62.382    -76.736
  29   -2    -71.096    100.649    -77.358
  32   -2   -162.988     61.142    -76.981
  -1   -2   -106.057     60.374    -77.370
  33   -2   -220.021     59.896    -76.042
  34   -2    -36.629     61.785    -76.869
  35   -2   -163.275     73.212    -77.131
  36   -2    -31.320     61.772    -76.939
  31   -2    -23.706     33.768    -76.276
  38   -2    -36.845     34.362    -76.556
  37   -2   -178.325    100.513    -77.681
  39   -2   -126.101    -16.838    -75.445
  40   -2   -193.417     59.162    -76.742
  41   -2    -83.272     62.647    -76.791
  44   -2   -117.619     60.476    -77.515
  42   -2   -169.142     61.319    -76.883
  48   -2   -123.948    102.332    -78.156
  47   -2   -112.369     60.618    -77.475
  46   -2   -145.108     61.548    -77.373
  49   -2    -59.191     61.343    -76.716
  43   -2    -40.070    102.410    -77.415
  45   -2    -81.032    100.786    -77.388
  50   -2   -129.250    102.175    -78.157
  52   -2    -56.026      3.870    -76.881
  53   -2    -11.471    102.254    -77.355
  51   -2    -50.913      3.633    -76.876
  55   -2   -136.337     73.497    -77.840
  56   -2     -6.376    101.997    -77.249
  57   -2    -34.993    101.968    -77.465
  58   -2    -75.919    100.427    -77.369
  -1   -2    -88.451     62.331    -76.859
  60   -2   -108.176     73.407    -77.680
  62   -2   -132.119    -24.018    -74.853
  63   -2   -135.546    -24.099    -74.636
  -1   -2    -45.212    102.118    -77.322
  64   -2   -168.939    100.274    -76.699
  -1   -2      2.656    170.127    -78.618
  67   -2   -233.929     98.517    -76.693
  -1   -2   -133.949     61.280    -79.211
  -1   -2   -114.874    102.077    -78.208
  -1   -2   -123.537    -24.289    -75.194
  71   -2    -80.724     73.851    -76.810
  73   -2   -266.203    155.001    -78.374
  72   -2   -119.695    -15.219    -75.682
  74   -2     -7.278     61.023    -76.621
  75   -2    -34.035     60.067    -76.905
  76   -2    -52.523     73.928    -76.732
  77   -2   -115.032     58.911    -77.447
  79   -2   -126.609    100.597    -78.147
  -1   -2   -263.874    160.921    -79.771
  80   -2     11.267    178.093    -79.068
  -1   -2    -68.950      3.089    -74.299
  -1   -2    -27.876     74.792    -77.064
  82   -2   -130.458    -18.650    -75.128
  -1   -2   -269.457    165.889    -97.112
  -1   -2   -253.147    181.107    -11.732
  -1   -2      9.958    -28.340    -20.278
  -1   -2   -257.205    178.073    -10.900
  89   -2   -139.070     61.315    -77.369
  90   -2   -173.257    100.142    -77.901
  -1   -2    -42.851    100.737    -77.222
  -1   -2   -260.467    -39.642    -74.034
  -1   -2    -90.962    127.207    -17.574
  -1   -2   -125.842    -22.924    -91.194
  -1   -2   -283.378     28.112     -8.270
  -1   -2     54.666    -28.367     64.685
