97
  -1    0   -153.141     30.178    -76.245
  -1    1    -37.432    137.495    -77.645
  -1    2   -238.464     72.729    -76.191
  -1    3     -5.990    137.516    -77.449
  -1    4   -213.802     72.955    -76.274
  -1    5    -75.050     30.951    -76.772
  -1    6    -94.306     32.268    -76.633
  -1    7      7.398     62.515    -76.033
  -1    9    -46.101      3.853    -76.830
  -1    8   -188.980     72.691    -77.186
  -1   11    -19.411     61.555    -76.916
  -1   10      1.730     62.485    -76.238
  -1   12    -47.221     61.346    -76.757
  -1   14     -9.896     62.730    -76.724
  -1   15   -243.093     98.768    -76.496
  -1   13    -71.275     62.425    -76.757
  -1   -2   -100.375     60.421    -77.209
  -1   16   -232.420     59.481    -75.963
  -1   17   -238.074     59.442    -75.968
  -1   19   -213.591     59.673    -76.192
  -1   21    -52.898     61.310    -76.718
  -1   20   -207.923     59.731    -76.280
  -1   18    -25.015     61.530    -76.914
  -1   25    -30.192    102.182    -77.486
  -1   23     -1.628    102.234    -77.083
  -1   24   -157.287     61.185    -77.131
  -1   28     -4.360     62.693    -76.516
  -1   27   -187.044     58.900    -76.886
  -1   22   -244.457     59.713    -75.821
  -1   26   -181.347     58.945    -76.908
  -1   31    -23.704     33.769    -76.285
  -1   29    -71.087    100.652    -77.369
  -1   -2   -133.261     61.398    -77.520
  -1   -2   -106.050     60.375    -77.354
  -1   30    -76.962     62.385    -76.753
  -1   32   -162.982     61.140    -76.979
  -1   34    -36.624     61.781    -76.870
  -1   33   -220.018     59.898    -76.061
  -1   35   -163.266     73.209    -77.128
  -1   89   -138.955     61.348    -77.434
  -1   36    -31.321     61.773    -76.962
  -1   37   -178.317    100.512    -77.693
  -1   39   -126.099    -16.839    -75.431
  -1   38    -36.843     34.363    -76.593
  -1   40   -193.413     59.158    -76.747
  -1   41    -83.270     62.648    -76.795
  -1   42   -169.138     61.320    -76.900
  -1   46   -145.101     61.550    -77.369
  -1   44   -117.618     60.478    -77.517
  -1   47   -112.362     60.614    -77.482
  -1   48   -123.947    102.337    -78.164
  -1   43    -40.066    102.414    -77.420
  -1   45    -81.030    100.780    -77.390
  -1   49    -59.183     61.345    -76.725
  -1   50   -129.243    102.177    -78.160
  -1   52    -56.016      3.870    -76.910
  -1   53    -11.464    102.252    -77.368
  -1   51    -50.908      3.633    -76.893
  -1   55   -136.334     73.493    -77.839
  -1   56     -6.375    102.001    -77.257
  -1   58    -75.913    100.429    -77.380
  -1   57    -34.992    101.971    -77.463
  -1   -2    -88.384     62.313    -77.098
  -1   60   -108.174     73.401    -77.688
  -1   62   -132.114    -24.016    -74.859
  -1   -2    -45.207    102.124    -77.338
  -1   63   -135.547    -24.094    -74.642
  -1   -2    -68.087      3.881    -76.637
  -1   -2      2.625    170.090    -78.363
  -1   -2   -123.524    -24.110    -73.480
  -1   64   -168.933    100.272    -76.703
  -1   -2   -114.482    102.020    -77.174
  -1   67   -233.923     98.518    -76.708
  -1   71    -80.724     73.852    -76.819
  -1   72   -119.699    -15.219    -75.685
  -1   74     -7.273     61.025    -76.617
  -1   73   -266.174    154.963    -78.470
  -1   75    -34.024     60.067    -76.927
  -1   76    -52.507     73.931    -76.755
  -1   77   -115.025     58.914    -77.444
  -1   79   -126.600    100.597    -78.169
  -1   -2   -263.878    160.904    -79.724
  -1   80     11.264    178.099    -79.058
  -1   82   -130.460    -18.656    -75.147
  -1   -2   -266.805    164.259    -77.378
  -1   -2   -261.461    174.452    -75.212
  -1   -2   -269.574    166.075    -97.695
  -1   -2   -253.974    178.192      0.457
  -1   90   -173.258    100.140    -77.911
  -1   -2   -118.726    101.886    -78.370
  -1   -2    -42.843    100.740    -77.237
  -1   -2   -260.364    -39.401    -74.975
  -1   -2    -27.933     74.776    -77.117
  -1   -2   -127.867    -20.189    -83.222
  -1   -2      5.692    -37.304    -61.441
  -1   -2   -255.415    189.793    -22.922
  -1   -2   -272.882     35.092    -55.964
