96
   1  -153.151    30.180   -76.227   83   88   86   80
   2   -37.441   137.493   -77.642    9   14   10    9
   3  -238.462    72.728   -76.162   34   37   42   36
   4    -5.999   137.514   -77.452   10   15    9    8
   5  -213.805    72.952   -76.265   35   36   41   35
   6   -75.058    30.949   -76.756   82   87   85   79
   7   -94.309    32.268   -76.641   81   86   84   78
   8     7.394    62.516   -76.022   61   50   51   41
   9     1.724    62.481   -76.222   58   51   50   42
  10   -19.412    61.558   -76.905   71   61   61   49
  11  -188.983    72.691   -77.175   38   43   43   37
  12   -46.108     3.857   -76.816   87   90   89   84
  13   -47.222    61.345   -76.757   68   63   63   55
  14  -243.095    98.768   -76.500   20   31   31   27
  15   -71.278    62.424   -76.755   48   46   47   43
  16  -238.082    59.441   -75.947   56   73   76   70
  17  -232.419    59.481   -75.946   57   75   75   69
  18   -25.024    61.530   -76.906   69   62   60   51
  19    -9.903    62.729   -76.715   52   48   46   39
  20  -213.597    59.676   -76.175   60   71   74   67
  21  -100.380    60.419   -77.210   72   74   70   62
  22  -207.926    59.729   -76.283   59   72   73   66
  23    -4.363    62.698   -76.502   54   49   49   40
  24    -1.637   102.232   -77.073   27   25   17   11
  25   -52.899    61.308   -76.700   67   64   64   57
  26  -187.050    58.902   -76.881   74   80   80   73
  27  -244.463    59.709   -75.813   53   67   72   65
  28  -181.348    58.946   -76.917   75   79   79   72
  29  -157.297    61.186   -77.125   50   57   57   56
  30   -30.198   102.181   -77.472   22   21   18   13
  31   -76.974    62.382   -76.736   47   47   48   44
  32   -71.096   100.649   -77.358   30   32   26   22
  33  -162.988    61.142   -76.981   49   56   59   58
  34  -106.057    60.374   -77.370   70   76   69   63
  35  -220.021    59.896   -76.042   55   66   71   64
  36   -36.629    61.785   -76.869   62   58   56   46
  37  -163.275    73.212   -77.131   37   39   40   34
  38   -31.320    61.772   -76.939   63   59   58   47
  39   -23.706    33.768   -76.276   80   85   83   77
  40   -36.845    34.362   -76.556   79   84   82   76
  41  -178.325   100.513   -77.681   15   23   27   25
  42  -126.101   -16.838   -75.445   92   95   92   87
  43  -193.417    59.162   -76.742   73   77   78   71
  44   -83.272    62.647   -76.791   43   44   44   38
  45  -117.619    60.476   -77.515   66   70   67   61
  46  -169.142    61.319   -76.883   44   53   53   50
  47  -123.948   102.332   -78.156   11   16   12   16
  48  -112.369    60.618   -77.475   64   68   66   60
  49  -145.108    61.548   -77.373   45   52   52   48
  50   -59.191    61.343   -76.716   65   60   62   54
  51   -40.070   102.410   -77.415   18   19   13   10
  52   -81.032   100.786   -77.388   28   30   23   21
  53  -129.250   102.175   -78.157   12   17   14   18
  54   -56.026     3.870   -76.881   86   89   88   83
  55   -11.471   102.254   -77.355   25   22   15   12
  56   -50.913     3.633   -76.876   88   92   90   85
  57  -136.337    73.497   -77.840   36   40   38   32
  58    -6.376   101.997   -77.249   29   27   22   15
  59   -34.993   101.968   -77.465   23   24   21   17
  60   -75.919   100.427   -77.369   31   33   28   23
  61   -88.451    62.331   -76.859   46   45   45   45
  62  -108.176    73.407   -77.680   40   42   39   33
  63  -132.119   -24.018   -74.853   95   98   94   89
  64  -135.546   -24.099   -74.636   96   99   95   90
  65   -45.212   102.118   -77.322   19   20   19   14
  66  -168.939   100.274   -76.699   16   26   29   26
  67     2.656   170.127   -78.618    5    8    3    4
  68  -233.929    98.517   -76.693   24   34   32   28
  69  -133.949    61.280   -79.211   51   54   54   52
  70  -114.874   102.077   -78.208   13   18   16   19
  71  -123.537   -24.289   -75.194   97  100   96   91
  72   -80.724    73.851   -76.810   41   38   36   31
  73  -266.203   155.001   -78.374    7   11    8    7
  74  -119.695   -15.219   -75.682   90   94   91   86
  75    -7.278    61.023   -76.621   76   69   68   59
  76   -34.035    60.067   -76.905   77   78   77   68
  77   -52.523    73.928   -76.732   42   41   37   30
  78  -115.032    58.911   -77.447   78   81   81   74
  79  -126.609   100.597   -78.147   21   29   24   24
  80  -263.874   160.921   -79.771    6   10    6    5
  81    11.267   178.093   -79.068    1    3    1    3
  82   -68.950     3.089   -74.299   89   91   87   82
  83   -27.876    74.792   -77.064   39   35   35   29
  84  -130.458   -18.650   -75.128   93   97   93   88
  85  -269.457   165.889   -97.112    3    7    5    6
  86  -253.147   181.107   -11.732    0    0    2    1
  87     9.958   -28.340   -20.278  100   96   98   92
  88  -257.205   178.073   -10.900    2    1    7    0
  89  -139.070    61.315   -77.369   -1   55   55   53
  90  -173.257   100.142   -77.901   17   28   30   -1
  91   -42.851   100.737   -77.222   32   -1   25   20
  92  -260.467   -39.642   -74.034   99  103  100   -1
  93   -90.962   127.207   -17.574    8   13   20   -1
  94  -125.842   -22.924   -91.194   91  101   97   -1
  95  -283.378    28.112    -8.270   84   82   -1   81
  96    54.666   -28.367    64.685   -1   93   -1   93
