97
   1  -153.145    30.181   -76.227   80   87   89   83
   2   -37.436   137.494   -77.645    9   12   13   12
   3  -238.460    72.727   -76.182   32   36   45   39
   4    -6.000   137.513   -77.461   10   13   12   11
   5  -213.803    72.951   -76.270   33   35   44   38
   6   -75.053    30.952   -76.772   79   86   88   82
   7   -94.310    32.271   -76.643   78   85   87   81
   8     7.395    62.515   -76.030   58   49   54   44
   9  -188.985    72.692   -77.182   36   42   46   40
  10   -46.110     3.855   -76.822   84   89   92   86
  11     1.726    62.485   -76.237   55   50   53   45
  12   -19.406    61.556   -76.911   68   60   63   52
  13   -47.223    61.346   -76.749   66   62   66   58
  14   -71.278    62.424   -76.752   45   45   50   46
  15    -9.900    62.730   -76.727   49   47   49   42
  16  -243.093    98.770   -76.490   18   30   34   30
  17  -232.419    59.482   -75.951   54   73   78   72
  18  -238.078    59.441   -75.966   53   72   79   73
  19   -25.021    61.526   -76.912   67   61   64   54
  20  -213.594    59.672   -76.184   56   71   77   70
  21  -207.925    59.730   -76.274   57   70   76   69
  22   -52.902    61.307   -76.698   65   63   67   60
  23  -244.461    59.710   -75.822   50   66   75   68
  24    -1.633   102.235   -77.086   26   24   20   14
  25  -157.293    61.181   -77.125   47   56   60   59
  26   -30.204   102.181   -77.479   21   20   21   16
  27  -181.349    58.947   -76.916   72   78   82   75
  28  -187.053    58.902   -76.874   71   79   83   76
  29    -4.364    62.692   -76.518   51   48   52   43
  30   -71.094   100.650   -77.373   29   31   29   25
  31   -76.968    62.381   -76.737   44   46   51   47
  32   -23.701    33.766   -76.268   77   84   86   80
  33  -162.986    61.139   -76.971   46   55   62   61
  34  -220.023    59.899   -76.051   52   65   74   67
  35   -36.629    61.780   -76.872   59   57   59   49
  36  -163.269    73.206   -77.121   35   38   43   37
  37   -31.320    61.773   -76.961   60   58   61   50
  38  -178.323   100.510   -77.685   14   22   30   28
  39   -36.843    34.362   -76.594   76   83   85   79
  40  -126.099   -16.839   -75.444   89   95   96   90
  41  -193.421    59.160   -76.742   70   76   81   74
  42   -83.273    62.645   -76.793   40   43   47   41
  43  -169.144    61.317   -76.892   42   52   56   53
  44   -40.069   102.406   -77.410   17   18   16   13
  45  -117.621    60.476   -77.510   63   69   70   64
  46   -81.030   100.787   -77.381   27   29   26   24
  47  -145.103    61.553   -77.360   43   51   55   51
  48  -112.367    60.614   -77.458   61   67   69   63
  49  -123.947   102.333   -78.175   11   14   15   19
  50   -59.188    61.340   -76.734   62   59   65   57
  51  -129.247   102.177   -78.157   12   15   17   21
  52   -50.908     3.636   -76.882   85   91   93   87
  53   -56.027     3.867   -76.893   83   88   91   85
  54   -11.474   102.252   -77.353   24   21   18   15
  55   -88.472    62.350   -77.134   41   44   48   48
  56  -136.337    73.493   -77.835   34   39   41   35
  57    -6.378   102.002   -77.262   28   26   25   18
  58   -34.998   101.967   -77.460   22   23   24   20
  59   -75.921   100.427   -77.366   30   32   31   26
  60  -133.036   -16.779   -75.176   88   94   95   89
  61  -108.175    73.402   -77.655   37   41   42   36
  62   -45.191   102.095   -77.085   20   19   22   17
  63  -132.112   -24.017   -74.876   91   98   98   92
  64  -135.542   -24.093   -74.648   93   99   99   93
  65  -168.938   100.273   -76.707   15   25   32   29
  66  -123.526   -24.107   -73.466   92  100  100   94
  67  -114.882   101.953   -78.082   13   16   19   22
  68  -233.932    98.518   -76.686   23   33   35   31
  69  -133.948    61.282   -79.211   48   53   57   55
  70  -101.037    60.303   -78.930   69   74   73   65
  71     2.527   170.037   -78.444    5    6    5    6
  72   -80.728    73.851   -76.808   38   37   39   34
  73  -119.700   -15.221   -75.679   87   92   94   88
  74  -266.202   154.970   -78.409    7    9   11   10
  75    -7.276    61.024   -76.612   73   68   71   62
  76   -34.033    60.070   -76.915   74   77   80   71
  77   -52.510    73.924   -76.734   39   40   40   33
  78  -115.030    58.910   -77.431   75   80   84   77
  79  -263.896   160.937   -79.957    6    8    9    8
  80  -126.602   100.596   -78.173   19   28   27   27
  81    11.269   178.089   -79.051    1    2    2    3
  82   -67.212     4.748   -80.331   82   90   90   84
  83  -130.456   -18.657   -75.150   90   97   97   91
  84  -101.384    61.290   -64.646   64   75   72   66
  85  -261.058   171.566   -73.226    2    3    7    4
  86  -266.788   165.349   -77.451    4    7    8    7
  87  -267.570   169.592  -103.340    0    4    3    9
  88    10.049   -28.264   -20.801   96   96  101   95
  89  -265.300   183.676   -29.972    3    1    1    1
  90  -139.065    61.314   -77.369   -1   54   58   56
  91  -173.259   100.140   -77.902   16   27   33   -1
  92   -90.959   127.211   -17.571    8   11   23   -1
  93  -239.868   187.523   -79.016   -1    0    0    2
  94  -260.245   -39.884   -74.742   95  104  103   -1
  95   -27.943    74.773   -77.117   -1   34   38   32
  96  -264.857   -40.009   -65.998   97  103  104   -1
  97  -302.091    29.664    84.840   81   81   -1   -1
