96
   1  -153.140    30.180   -76.248   80   90   91   82
   2   -37.432   137.495   -77.646    9   15   15   11
   3  -238.465    72.728   -76.191   32   39   47   38
   4    -5.992   137.515   -77.451   10   16   14   10
   5  -213.803    72.955   -76.275   33   38   46   37
   6   -75.050    30.952   -76.780   79   89   90   81
   7   -94.304    32.272   -76.647   78   88   89   80
   8     7.397    62.515   -76.032   58   52   56   43
   9   -46.101     3.853   -76.830   84   92   94   86
  10  -188.980    72.691   -77.188   36   45   48   39
  11     1.728    62.484   -76.238   55   53   55   44
  12   -19.409    61.556   -76.913   68   63   66   51
  13   -47.221    61.347   -76.758   66   65   68   57
  14    -9.896    62.731   -76.727   49   49   51   41
  15   -71.277    62.424   -76.761   45   47   52   45
  16  -243.093    98.769   -76.499   18   33   36   29
  17  -238.076    59.442   -75.974   53   75   81   72
  18  -232.418    59.481   -75.962   54   76   80   71
  19   -25.019    61.529   -76.920   67   64   65   53
  20  -213.590    59.673   -76.192   56   73   79   69
  21  -207.924    59.729   -76.275   57   72   78   68
  22   -52.899    61.308   -76.706   65   66   69   59
  23   -30.194   102.181   -77.481   21   23   23   15
  24    -1.630   102.233   -77.082   26   27   22   13
  25  -157.288    61.185   -77.128   47   59   62   58
  26    -4.361    62.692   -76.512   51   51   54   42
  27  -244.458    59.713   -75.827   50   68   77   67
  28  -181.348    58.946   -76.921   72   80   84   74
  29  -187.044    58.900   -76.886   71   81   85   75
  30   -71.087   100.652   -77.367   29   34   31   24
  31   -23.703    33.768   -76.279   77   87   88   79
  32  -162.983    61.139   -76.982   46   58   64   60
  33   -76.966    62.381   -76.745   44   48   53   46
  34   -36.624    61.781   -76.874   59   60   61   48
  35  -220.018    59.897   -76.061   52   67   76   66
  36  -163.265    73.209   -77.126   35   41   45   36
  37   -31.320    61.774   -76.961   60   61   63   49
  38  -126.101   -16.839   -75.436   89   97   97   90
  39  -178.317   100.512   -77.693   14   25   32   27
  40   -36.844    34.362   -76.594   76   86   87   78
  41  -193.414    59.156   -76.746   70   78   83   73
  42   -83.271    62.647   -76.794   40   46   49   40
  43  -169.138    61.319   -76.898   42   55   58   52
  44  -117.617    60.478   -77.513   63   71   72   63
  45  -145.099    61.550   -77.362   43   54   57   50
  46   -40.068   102.412   -77.418   17   21   18   12
  47  -112.365    60.611   -77.471   61   69   71   62
  48   -59.185    61.343   -76.722   62   62   67   56
  49  -123.947   102.338   -78.166   11   17   17   18
  50   -81.027   100.783   -77.397   27   32   28   23
  51  -129.244   102.176   -78.162   12   18   19   20
  52   -56.019     3.867   -76.895   83   91   93   85
  53   -11.466   102.249   -77.357   24   24   20   14
  54   -50.906     3.635   -76.901   85   94   95   87
  55  -136.336    73.493   -77.841   34   42   43   34
  56    -6.372   102.004   -77.261   28   29   27   17
  57   -34.996   101.967   -77.458   22   26   26   19
  58   -75.915   100.426   -77.369   30   35   33   25
  59   -45.189   102.096   -77.085   20   22   24   16
  60   -88.383    62.313   -77.101   41   50   50   47
  61  -132.111   -24.013   -74.878   91  100   99   92
  62  -108.172    73.401   -77.682   37   44   44   35
  63  -135.545   -24.091   -74.655   93  101  100   93
  64     2.622   170.081   -78.319    5    7    6    5
  65  -168.934   100.273   -76.710   15   28   34   28
  66  -123.524   -24.109   -73.488   92  102  101   94
  67  -114.877   101.953   -78.097   13   19   21   21
  68  -233.923    98.519   -76.710   23   36   37   30
  69  -133.946    61.281   -79.222   48   56   59   54
  70  -101.035    60.306   -78.927   69   74   74   64
  71   -80.723    73.853   -76.820   38   40   41   33
  72  -119.698   -15.219   -75.679   87   96   96   88
  73  -266.156   154.965   -78.433    7   12   13    9
  74    -7.272    61.025   -76.615   73   70   73   61
  75   -34.024    60.068   -76.937   74   79   82   70
  76   -52.510    73.926   -76.731   39   43   42   32
  77  -115.025    58.914   -77.436   75   82   86   76
  78  -126.600   100.597   -78.166   19   31   29   26
  79  -263.889   160.962   -80.001    6   11   11    7
  80    11.259   178.101   -79.087    1    4    2    3
  81   -67.246     4.749   -80.209   82   93   92   84
  82  -130.456   -18.654   -75.145   90   99   98   91
  83  -101.376    61.289   -64.646   64   77   75   65
  84  -261.460   174.460   -75.245    0    2    4    4
  85  -267.007   164.987   -81.003    4    8   10    6
  86  -267.203   167.237   -96.820    2    6    8    8
  87  -253.542   177.772     3.016    3    0    9    1
  88  -139.070    61.316   -77.392   -1   57   60   55
  89  -173.256   100.141   -77.914   16   30   35   -1
  90  -260.309   -39.367   -75.096   95  106  103   -1
  91   -90.958   127.211   -17.581    8   14   25   -1
  92   -27.933    74.776   -77.117   -1   37   40   31
  93  -127.863   -20.188   -83.224   88  103   -1   89
  94     5.899   -37.197   -61.858   96  104  105   -1
  95  -283.392    27.898    -8.196   81   83   -1   83
  96  -255.415   189.793   -22.922   -1    1    1    0
