97
   1  -153.141    30.178   -76.245   84   90   91   82
   2   -37.432   137.495   -77.645    9   15   15   11
   3  -238.464    72.729   -76.191   34   39   47   38
   4    -5.990   137.516   -77.449   10   16   14   10
   5  -213.802    72.955   -76.274   35   38   46   37
   6   -75.050    30.951   -76.772   83   89   90   81
   7   -94.306    32.268   -76.633   82   88   89   80
   8     7.398    62.515   -76.033   61   52   56   43
   9   -46.101     3.853   -76.830   87   92   94   86
  10  -188.980    72.691   -77.186   38   45   48   39
  11   -19.411    61.555   -76.916   72   63   66   51
  12     1.730    62.485   -76.238   58   53   55   44
  13   -47.221    61.346   -76.757   69   65   68   57
  14    -9.896    62.730   -76.724   52   49   51   41
  15  -243.093    98.768   -76.496   20   33   36   29
  16   -71.275    62.425   -76.757   47   47   52   45
  17  -100.375    60.421   -77.209   73   74   74   64
  18  -232.420    59.481   -75.963   57   76   80   71
  19  -238.074    59.442   -75.968   56   75   81   72
  20  -213.591    59.673   -76.192   60   73   79   69
  21   -52.898    61.310   -76.718   68   66   69   59
  22  -207.923    59.731   -76.280   59   72   78   68
  23   -25.015    61.530   -76.914   70   64   65   53
  24   -30.192   102.182   -77.486   22   23   23   15
  25    -1.628   102.234   -77.083   27   27   22   13
  26  -157.287    61.185   -77.131   49   59   62   58
  27    -4.360    62.693   -76.516   54   51   54   42
  28  -187.044    58.900   -76.886   75   81   85   75
  29  -244.457    59.713   -75.821   53   68   77   67
  30  -181.347    58.945   -76.908   76   80   84   74
  31   -23.704    33.769   -76.285   81   87   88   79
  32   -71.087   100.652   -77.369   30   34   31   24
  33  -133.261    61.398   -77.520   51   56   59   54
  34  -106.050    60.375   -77.354   71   77   75   65
  35   -76.962    62.385   -76.753   46   48   53   46
  36  -162.982    61.140   -76.979   48   58   64   60
  37   -36.624    61.781   -76.870   62   60   61   48
  38  -220.018    59.898   -76.061   55   67   76   66
  39  -163.266    73.209   -77.128   37   41   45   36
  40  -138.955    61.348   -77.434   50   57   60   55
  41   -31.321    61.773   -76.962   63   61   63   49
  42  -178.317   100.512   -77.693   15   25   32   27
  43  -126.099   -16.839   -75.431   91   97   97   90
  44   -36.843    34.363   -76.593   80   86   87   78
  45  -193.413    59.158   -76.747   74   78   83   73
  46   -83.270    62.648   -76.795   42   46   49   40
  47  -169.138    61.320   -76.900   43   55   58   52
  48  -145.101    61.550   -77.369   45   54   57   50
  49  -117.618    60.478   -77.517   66   71   72   63
  50  -112.362    60.614   -77.482   64   69   71   62
  51  -123.947   102.337   -78.164   11   17   17   18
  52   -40.066   102.414   -77.420   18   21   18   12
  53   -81.030   100.780   -77.390   28   32   28   23
  54   -59.183    61.345   -76.725   65   62   67   56
  55  -129.243   102.177   -78.160   12   18   19   20
  56   -56.016     3.870   -76.910   86   91   93   85
  57   -11.464   102.252   -77.368   25   24   20   14
  58   -50.908     3.633   -76.893   88   94   95   87
  59  -136.334    73.493   -77.839   36   42   43   34
  60    -6.375   102.001   -77.257   29   29   27   17
  61   -75.913   100.429   -77.380   31   35   33   25
  62   -34.992   101.971   -77.463   23   26   26   19
  63   -88.384    62.313   -77.098   44   50   50   47
  64  -108.174    73.401   -77.688   39   44   44   35
  65  -132.114   -24.016   -74.859   93  100   99   92
  66   -45.207   102.124   -77.338   19   22   24   16
  67  -135.547   -24.094   -74.642   95  101  100   93
  68   -68.087     3.881   -76.637   85   93   92   84
  69     2.625   170.090   -78.363    5    7    6    5
  70  -123.524   -24.110   -73.480   94  102  101   94
  71  -168.933   100.272   -76.703   16   28   34   28
  72  -114.482   102.020   -77.174   13   19   21   21
  73  -233.923    98.518   -76.708   24   36   37   30
  74   -80.724    73.852   -76.819   40   40   41   33
  75  -119.699   -15.219   -75.685   89   96   96   88
  76    -7.273    61.025   -76.617   77   70   73   61
  77  -266.174   154.963   -78.470    7   12   13    9
  78   -34.024    60.067   -76.927   78   79   82   70
  79   -52.507    73.931   -76.755   41   43   42   32
  80  -115.025    58.914   -77.444   79   82   86   76
  81  -126.600   100.597   -78.169   21   31   29   26
  82  -263.878   160.904   -79.724    6   11   11    7
  83    11.264   178.099   -79.058    1    4    2    3
  84  -130.460   -18.656   -75.147   92   99   98   91
  85  -266.805   164.259   -77.378    4    8   10    6
  86  -261.461   174.452   -75.212    0    2    4    4
  87  -269.574   166.075   -97.695    3    6    8    8
  88  -253.974   178.192     0.457    2    0    9    1
  89  -173.258   100.140   -77.911   17   30   35   -1
  90  -118.726   101.886   -78.370   14   20   25   -1
  91   -42.843   100.740   -77.237   32   -1   30   22
  92  -260.364   -39.401   -74.975   97  106  103   -1
  93   -27.933    74.776   -77.117   -1   37   40   31
  94  -127.867   -20.189   -83.222   90  103   -1   89
  95     5.692   -37.304   -61.441   98  104  105   -1
  96  -255.415   189.793   -22.922   -1    1    1    0
  97  -272.882    35.092   -55.964   -1   83   -1   83
