97
   1   -2    -31.462    137.245      2.025 4
   0   -2   -208.373     72.476      3.518 4
   2   -2   -233.122     72.248      3.606 4
   5   -2    -75.168    100.398      2.379 4
   3   -2      0.090    137.243      2.251 4
   6   -2   -108.321    101.716      1.676 4
   7   -2    -65.180    100.252      2.402 4
   4   -2   -202.483     59.200      3.514 4
  12   -2   -208.196     59.151      3.638 4
  10   -2   -175.828     58.406      2.874 4
   8   -2   -181.573     58.365      2.899 4
  11   -2   -183.479     72.209      2.581 4
   9   -2   -157.435     60.604      2.878 4
  15   -2   -237.777     98.357      3.281 4
  14   -2   -151.698     60.647      2.691 4
  13   -2   -162.972     99.976      2.179 4
  20   -2    -70.017    100.043      2.390 4
  17   -2    -34.072    102.025      2.320 4
  21   -2   -214.609     59.376      3.728 4
  16   -2   -127.584     60.859      2.289 4
  19   -2   -118.228    101.950      1.606 4
  23   -2   -123.551    101.805      1.617 4
  28   -2   -172.788    100.121      2.100 4
  22   -2   -133.311     60.810      2.337 4
  27   -2   -100.289     59.831      2.449 4
  18   -2    -24.144    101.795      2.251 4
  25   -2   -239.143     59.171      3.914 4
  24   -2   -139.463     61.027      2.383 4
  29   -2   -187.932     58.629      3.023 4
  30   -2    -88.468     31.647      3.139 4
  34   -2    -94.561     59.881      2.571 4
  26   -2   -113.102    101.495      1.633 4
  36   -2   -163.589     60.794      2.912 4
  35   -2   -106.608     60.090      2.345 4
  31   -2   -111.886     59.954      2.292 4
  33   -2    -69.175     30.323      3.015 4
  32   -2   -157.691     72.738      2.672 4
  37   -2    -65.354     61.893      3.029 4
  39   -2    -71.100     61.851      3.028 4
  40   -2    -77.418     62.124      3.000 4
  38   -2    -28.965    101.586      2.282 4
  41   -2   -130.688     72.997      1.963 4
  48   -2      4.514    101.851      2.626 4
  44   -2    -46.943     60.777      3.050 4
  45   -2    -41.214     60.817      2.987 4
  46   -2   -167.827     99.748      2.098 4
  49   -2     -5.374    101.857      2.395 4
  43   -2   -102.406     72.922      2.127 4
  47   -2    -53.239     60.815      3.044 4
  50   -2    -30.616     61.254      2.866 4
  51   -2    -18.969     61.011      2.782 4
  52   -2   -120.407    -17.625      4.218 4
  54   -2    -25.282     61.244      2.783 4
  53   -2    -13.303     61.040      2.781 4
  58   -2      1.763     62.179      3.148 4
  56   -2      7.866     61.974      3.441 4
  55   -2     -0.243    101.616      2.492 4
  57   -2     -3.789     62.208      2.989 4
  59   -2     13.581     62.008      3.650 4
  -1   -2    -30.828     33.749      3.119 4
  68   -2    -74.863     73.370      2.959 4
  60   -2    -40.100      3.125      2.833 4
  61   -2    -50.058      3.144      2.867 4
  63   -2   -126.403    -24.839      4.724 4
  64   -2   -129.858    -24.896      4.903 4
  66   -2    -17.628     33.133      3.362 4
  65   -2    -44.937      2.934      2.951 4
  -1   -2    -82.585     61.812      2.947 4
  67   -2    -39.242    101.738      2.374 4
  71   -2   -120.896    100.218      1.620 4
  69   -2    -62.243      3.059      3.270 4
  -1   -2      8.783    169.988      1.177 4
  72   -2   -109.281     58.377      2.350 4
  73   -2    -46.527     73.436      3.026 4
  75   -2   -117.384    -24.983      3.355 4
  76   -2   -113.967    -16.016      3.940 4
  78   -2   -228.576     98.119      3.140 4
  79   -2    -27.977     59.537      2.782 4
  -1   -2   -228.447     58.948      3.850 4
  80   -2     -1.140     60.500      3.073 4
  -1   -2     17.434    177.949      0.595 4
  81   -2    -21.802     74.323      2.574 4
  83   -2   -127.098    -17.805      7.650 4
  -1   -2   -255.968    151.832      6.054 4
  -1   -2      2.849    170.940      2.187 4
  87   -2   -123.408    -23.597      7.391 4
  -1   -2   -259.878    161.673      1.811 4
  -1   -2   -263.585    157.452      9.774 4
  74   -2    -80.112     60.397      2.878 4
  94   -2    -36.788    100.292      2.451 4
  -1   -2      4.383    -24.738      2.339 4
  -1   -2   -253.789    -35.876     -2.553 4
  -1   -2   -262.956    164.372     17.655 4
  -1   -2   -269.684    168.069    -39.795 4
  -1   -2   -257.886    161.822      7.823 4
  -1   -2     22.588    -33.401    -43.413 4
  -1   -2   -242.621    182.622    -21.744 4
