96
  -1    1    -31.460    137.243      2.029
  -1    2   -233.121     72.249      3.593
  -1    0   -208.373     72.477      3.516
  -1    7    -65.179    100.251      2.413
  -1    3      0.090    137.242      2.230
  -1    4   -202.484     59.200      3.527
  -1    6   -108.322    101.715      1.664
  -1    5    -75.167    100.401      2.363
  -1    8   -181.575     58.364      2.916
  -1   14   -151.696     60.646      2.699
  -1   10   -175.828     58.404      2.863
  -1   13   -162.971     99.974      2.187
  -1   11   -183.482     72.208      2.588
  -1    9   -157.433     60.604      2.865
  -1   17    -34.072    102.028      2.330
  -1   15   -237.776     98.357      3.287
  -1   12   -208.199     59.150      3.636
  -1   18    -24.147    101.796      2.232
  -1   16   -127.581     60.858      2.288
  -1   20    -70.017    100.046      2.394
  -1   21   -214.612     59.371      3.728
  -1   19   -118.228    101.948      1.605
  -1   28   -172.788    100.123      2.097
  -1   22   -133.307     60.810      2.343
  -1   23   -123.550    101.804      1.612
  -1   27   -100.291     59.833      2.436
  -1   24   -139.462     61.026      2.389
  -1   25   -239.143     59.171      3.919
  -1   26   -113.106    101.495      1.618
  -1   37    -65.358     61.893      3.031
  -1   29   -187.937     58.631      3.028
  -1   30    -88.466     31.646      3.138
  -1   36   -163.593     60.796      2.925
  -1   31   -111.885     59.951      2.291
  -1   33    -69.172     30.320      3.007
  -1   32   -157.692     72.733      2.672
  -1   40    -77.416     62.122      2.993
  -1   34    -94.559     59.882      2.571
  -1   35   -106.611     60.089      2.330
  -1   39    -71.098     61.851      3.026
  -1   38    -28.969    101.585      2.290
  -1   -2    -82.671     61.851      2.931
  -1   41   -130.693     73.001      1.951
  -1   44    -46.943     60.777      3.056
  -1   45    -41.215     60.817      2.990
  -1   48      4.516    101.847      2.615
  -1   46   -167.822     99.751      2.116
  -1   43   -102.410     72.916      2.138
  -1   47    -53.241     60.813      3.081
  -1   49     -5.380    101.856      2.389
  -1   51    -18.970     61.008      2.775
  -1   50    -30.617     61.251      2.861
  -1   52   -120.403    -17.623      4.214
  -1   53    -13.303     61.039      2.795
  -1   54    -25.283     61.248      2.793
  -1   55     -0.242    101.616      2.484
  -1   58      1.760     62.175      3.166
  -1   56      7.867     61.973      3.435
  -1   59     13.577     62.011      3.657
  -1   57     -3.792     62.205      3.003
  -1   -2    -30.827     33.749      3.141
  -1   60    -40.098      3.123      2.844
  -1   61    -50.053      3.140      2.873
  -1   63   -126.411    -24.841      4.722
  -1   68    -74.868     73.366      2.981
  -1   65    -44.936      2.930      2.944
  -1   69    -62.141      3.058      3.244
  -1   64   -129.863    -24.898      4.901
  -1   66    -17.631     33.130      3.344
  -1   67    -39.244    101.738      2.365
  -1   71   -120.901    100.220      1.610
  -1   72   -109.280     58.377      2.348
  -1   -2      8.799    169.965      1.139
  -1   73    -46.520     73.432      3.016
  -1   74    -80.096     60.396      2.928
  -1   75   -117.385    -24.983      3.364
  -1   76   -113.965    -16.018      3.939
  -1   78   -228.578     98.120      3.139
  -1   79    -27.979     59.540      2.792
  -1   -2   -228.442     58.948      3.857
  -1   80     -1.139     60.499      3.087
  -1   81    -21.792     74.311      2.529
  -1   -2     17.437    177.943      0.632
  -1   83   -127.105    -17.806      7.652
  -1   -2   -255.783    151.145      2.336
  -1   -2      2.907    170.962      2.084
  -1   -2   -259.217    159.985      1.471
  -1   -2   -263.726    166.640      2.324
  -1   87   -123.416    -23.597      7.381
  -1   -2   -263.699    157.056      5.185
  -1   -2   -265.304    168.745    -12.633
  -1   -2      5.039    -29.341      6.544
  -1   94    -36.785    100.290      2.441
  -1   -2   -253.766    -35.888     -2.542
  -1   -2   -264.949    169.686    -26.480
  -1   -2   -243.039    181.250    -22.105
