99
   2    1   -208.378     72.478      3.511
   0    0    -31.460    137.245      2.040
   1    2   -233.120     72.246      3.600
   4    4      0.093    137.246      2.234
   5    7   -202.484     59.202      3.520
   7    3    -75.169    100.401      2.370
   6    5   -108.316    101.715      1.661
   3    6    -65.182    100.252      2.400
   8   10   -181.569     58.363      2.887
  13   12   -157.435     60.604      2.869
  10    9   -175.829     58.405      2.861
  12   11   -183.480     72.210      2.593
  16    8   -208.195     59.153      3.637
  11   15   -162.976     99.976      2.183
   9   14   -151.695     60.648      2.700
  15   13   -237.775     98.356      3.283
  18   19   -127.585     60.859      2.302
  14   17    -34.072    102.029      2.335
  17   25    -24.143    101.796      2.235
  21   20   -118.227    101.949      1.599
  19   16    -70.019    100.048      2.385
  20   18   -214.607     59.372      3.733
  23   23   -133.309     60.812      2.347
  24   21   -123.551    101.804      1.612
  26   27   -139.461     61.028      2.385
  27   26   -239.142     59.170      3.903
  28   31   -113.102    101.495      1.632
  25   24   -100.292     59.830      2.435
  22   22   -172.787    100.123      2.094
  30   28   -187.933     58.632      3.030
  31   29    -88.472     31.649      3.141
  33   34   -111.886     59.952      2.297
  35   36   -157.694     72.736      2.666
  34   35    -69.172     30.327      3.008
  37   30    -94.559     59.881      2.569
  38   33   -106.610     60.089      2.336
  32   32   -163.589     60.796      2.918
  29   37    -65.357     61.893      3.030
  40   40    -28.965    101.583      2.303
  39   38    -71.098     61.848      3.028
  36   39    -77.415     62.121      2.998
  42   41   -130.689     72.998      1.962
  -1   -2    -82.669     61.852      2.925
  47   47   -102.404     72.915      2.122
  43   43    -46.943     60.776      3.060
  44   44    -41.218     60.816      2.994
  46   45   -167.829     99.751      2.113
  48   48    -53.240     60.814      3.063
  45   42      4.518    101.852      2.613
  49   46     -5.381    101.862      2.378
  51   49    -30.615     61.249      2.862
  50   50    -18.969     61.007      2.786
  52   51   -120.404    -17.621      4.228
  53   53    -13.301     61.037      2.783
  54   52    -25.283     61.249      2.800
  55   56     -0.244    101.615      2.485
  57   55      7.866     61.973      3.434
  59   57     -3.790     62.207      2.991
  56   54      1.762     62.175      3.171
  58   58     13.578     62.007      3.650
  61   61    -40.103      3.125      2.841
  62   62    -50.055      3.142      2.856
  -1   -2    -30.828     33.751      3.170
  63   63   -126.410    -24.839      4.739
  67   64   -129.864    -24.897      4.917
  65   66    -44.936      2.931      2.947
  68   65    -17.635     33.131      3.374
  69   68    -39.239    101.734      2.361
  64   60    -74.861     73.368      2.981
  66   70    -62.196      3.064      3.222
  -1   -2      8.791    169.976      1.109
  70   69   -120.898    100.221      1.604
  71   72   -109.281     58.377      2.358
  73   73    -46.532     73.433      3.044
  74   88    -80.092     60.396      2.923
  75   74   -117.383    -24.981      3.362
  76   75   -113.967    -16.017      3.942
  -1   -2   -227.835     59.054      2.211
  77   76   -228.579     98.119      3.129
  78   77    -27.977     59.536      2.782
  80   79     -1.133     60.497      3.078
  81   81    -21.801     74.321      2.551
  -1   -2     17.412    177.938      0.667
  83   82   -127.101    -17.807      7.654
  -1   -2   -255.802    151.140      2.378
  -1   -2      2.884    170.924      2.256
  -1   -2   -259.271    159.971      1.499
  88   85   -123.417    -23.597      7.377
  -1   -2   -263.592    166.555      2.328
  -1   -2   -262.220    160.912     -7.287
  -1   -2     15.221    -34.476    -14.821
  -1   -2   -258.720    174.183     -7.536
  -1   -2      9.184    -27.764      3.574
  -1   -2   -232.743     58.923      3.902
  92   89    -36.781    100.291      2.428
  -1   -2   -253.724    -35.831     -2.626
  -1   -2   -256.680    160.351      4.490
  -1   -2   -270.089    174.202    -20.155
  -1   -2   -242.062    180.781    -18.776
