97
   1   -31.462   137.245     2.025   16   10   15   11
   2  -208.373    72.476     3.518   42   35   45   39
   3  -233.122    72.248     3.606   41   34   46   40
   4   -75.168   100.398     2.379   34   27   28   24
   5     0.090   137.243     2.251   17   11   14   10
   6  -108.321   101.716     1.676   20   14   20   21
   7   -65.180   100.252     2.402   37   29   31   25
   8  -202.483    59.200     3.514   69   67   77   72
   9  -208.196    59.151     3.638   70   66   78   73
  10  -175.828    58.406     2.874   85   76   83   76
  11  -181.573    58.365     2.899   83   75   84   77
  12  -183.479    72.209     2.581   45   40   47   41
  13  -157.435    60.604     2.878   56   52   61   62
  14  -237.777    98.357     3.281   29   28   35   31
  15  -151.698    60.647     2.691   57   53   60   61
  16  -162.972    99.976     2.179   23   22   32   29
  17   -70.017   100.043     2.390   38   31   33   26
  18   -34.072   102.025     2.320   24   16   18   13
  19  -214.609    59.376     3.728   63   64   72   69
  20  -127.584    60.859     2.289   59   54   58   56
  21  -118.228   101.950     1.606   18   12   17   19
  22  -123.551   101.805     1.617   19   13   19   20
  23  -172.788   100.121     2.100   22   18   30   28
  24  -133.311    60.810     2.337   58   55   59   59
  25  -100.289    59.831     2.449   80   72   73   68
  26   -24.144   101.795     2.251   28   19   22   15
  27  -239.143    59.171     3.914   62   63   76   71
  28  -139.463    61.027     2.383   52   50   54   52
  29  -187.932    58.629     3.023   82   73   81   75
  30   -88.468    31.647     3.139   90   81   88   83
  31   -94.561    59.881     2.571   81   71   74   67
  32  -113.102   101.495     1.633   21   15   24   22
  33  -163.589    60.794     2.912   53   51   57   55
  34  -106.608    60.090     2.345   72   65   70   65
  35  -111.886    59.954     2.292   74   68   71   66
  36   -69.175    30.323     3.015   91   82   89   84
  37  -157.691    72.738     2.672   43   36   44   38
  38   -65.354    61.893     3.029   55   43   50   47
  39   -71.100    61.851     3.028   54   44   51   49
  40   -77.418    62.124     3.000   50   42   48   44
  41   -28.965   101.586     2.282   30   21   26   18
  42  -130.688    72.997     1.963   44   38   41   36
  43     4.514   101.851     2.626   33   23   23   12
  44   -46.943    60.777     3.050   76   61   68   60
  45   -41.214    60.817     2.987   77   62   67   57
  46  -167.827    99.748     2.098   25   24   34   30
  47    -5.374   101.857     2.395   31   20   21   14
  48  -102.406    72.922     2.127   47   41   43   37
  49   -53.239    60.815     3.044   73   58   65   58
  50   -30.616    61.254     2.866   66   56   62   50
  51   -18.969    61.011     2.782   78   59   64   54
  52  -120.407   -17.625     4.218   97   90   96   91
  53   -25.282    61.244     2.783   67   57   63   51
  54   -13.303    61.040     2.781   79   60   66   53
  55     1.763    62.179     3.148   61   47   53   43
  56     7.866    61.974     3.441   64   49   55   46
  57    -0.243   101.616     2.492   36   25   27   16
  58    -3.789    62.208     2.989   60   46   52   42
  59    13.581    62.008     3.650   65   48   56   45
  60   -30.828    33.749     3.119   88   79   86   81
  61   -74.863    73.370     2.959   48   37   40   35
  62   -40.100     3.125     2.833   93   83   92   87
  63   -50.058     3.144     2.867   92   84   91   86
  64  -126.403   -24.839     4.724  100   93   98   93
  65  -129.858   -24.896     4.903  101   94   99   94
  66   -17.628    33.133     3.362   89   80   87   82
  67   -44.937     2.934     2.951   95   86   93   88
  68   -82.585    61.812     2.947   51   45   49   48
  69   -39.242   101.738     2.374   26   17   25   17
  70  -120.896   100.218     1.620   27   26   29   27
  71   -62.243     3.059     3.270   94   85   90   85
  72     8.783   169.988     1.177   10    4    8    3
  73  -109.281    58.377     2.350   87   77   85   78
  74   -46.527    73.436     3.026   49   39   42   34
  75  -117.384   -24.983     3.355  102   95  100   95
  76  -113.967   -16.016     3.940   96   88   94   89
  77  -228.576    98.119     3.140   32   30   36   32
  78   -27.977    59.537     2.782   86   74   82   70
  79  -228.447    58.948     3.850   71   69   79   74
  80    -1.140    60.500     3.073   84   70   75   63
  81    17.434   177.949     0.595    1    0    4    1
  82   -21.802    74.323     2.574   46   33   39   33
  83  -127.098   -17.805     7.650   98   89   95   90
  84  -255.968   151.832     6.054   14    8   13    9
  85     2.849   170.940     2.187    7    2    7    2
  86  -123.408   -23.597     7.391  103   91  101   96
  87  -259.878   161.673     1.811   12    5   10    6
  88  -263.585   157.452     9.774   13    1   12    8
  89   -80.112    60.397     2.878   75   -1   69   64
  90   -36.788   100.292     2.451   39   32   -1   23
  91     4.383   -24.738     2.339   99   92  103   -1
  92  -253.789   -35.876    -2.553  107  100   -1   98
  93  -262.956   164.372    17.655    8   -1    9    4
  94  -269.684   168.069   -39.795    3   -1    6    7
  95  -257.886   161.822     7.823    6   -1   11    5
  96    22.588   -33.401   -43.413  104   97   -1   99
  97  -242.621   182.622   -21.744    0   -1    1    0
