97
   1   -31.459   137.244     2.027   14   10   18   11
   2  -208.375    72.477     3.507   40   35   48   39
   3  -233.122    72.249     3.592   39   34   49   40
   4     0.092   137.244     2.226   15   11   17   10
   5  -202.485    59.200     3.522   67   68   80   72
   6  -108.323   101.715     1.661   18   14   23   21
   7   -75.168   100.401     2.359   32   27   31   24
   8   -65.180   100.253     2.400   35   29   34   25
   9  -181.576    58.364     2.909   81   76   87   77
  10  -157.435    60.604     2.858   55   52   64   62
  11  -175.829    58.404     2.859   82   77   86   76
  12  -162.972    99.974     2.185   21   22   35   29
  13  -183.482    72.208     2.589   43   40   50   41
  14  -151.695    60.647     2.696   54   53   63   61
  15  -237.775    98.358     3.282   27   28   38   31
  16  -208.196    59.152     3.633   68   67   81   73
  17   -34.073   102.027     2.333   22   16   21   13
  18  -127.582    60.858     2.289   57   54   61   56
  19   -24.147   101.796     2.230   26   19   25   15
  20  -214.611    59.372     3.726   61   65   75   69
  21  -123.551   101.806     1.604   17   13   22   20
  22   -70.018   100.046     2.388   36   31   36   26
  23  -172.787   100.124     2.094   20   18   33   28
  24  -100.292    59.833     2.433   78   73   76   68
  25  -118.226   101.950     1.599   16   12   20   19
  26  -239.143    59.173     3.913   60   63   79   71
  27  -139.462    61.027     2.388   50   50   57   52
  28  -133.305    60.811     2.343   56   55   62   59
  29   -88.468    31.645     3.141   88   82   91   82
  30  -111.886    59.951     2.286   72   69   74   66
  31  -187.936    58.633     3.020   80   74   84   75
  32  -163.593    60.797     2.921   51   51   60   55
  33  -113.105   101.496     1.617   19   15   27   22
  34  -157.692    72.733     2.672   41   36   47   38
  35   -69.170    30.322     3.003   89   83   92   83
  36   -65.359    61.894     3.020   53   44   53   47
  37   -77.415    62.123     2.994   48   42   51   44
  38   -94.559    59.882     2.571   79   72   77   67
  39  -106.611    60.089     2.325   70   66   73   65
  40   -71.099    61.851     3.023   52   45   54   49
  41   -28.969   101.585     2.293   28   21   29   18
  42  -130.693    72.999     1.959   42   38   44   36
  43   -82.671    61.852     2.926   49   43   52   48
  44   -46.943    60.776     3.057   74   62   71   60
  45  -167.824    99.750     2.113   23   24   37   30
  46   -41.218    60.816     2.988   75   61   70   58
  47     4.514   101.847     2.607   31   23   26   12
  48    -5.380   101.856     2.387   29   20   24   14
  49   -18.970    61.007     2.781   76   59   67   54
  50  -102.410    72.917     2.132   45   41   46   37
  51   -53.241    60.814     3.074   71   58   68   57
  52   -30.618    61.251     2.860   64   56   65   50
  53  -120.402   -17.623     4.219   95   91   99   90
  54   -13.305    61.038     2.794   77   60   69   53
  55   -25.283    61.248     2.794   65   57   66   51
  56    -0.244   101.615     2.484   34   25   30   16
  57     7.867    61.973     3.435   62   49   58   46
  58     1.759    62.175     3.163   59   47   56   43
  59    -3.791    62.205     3.002   58   46   55   42
  60    13.575    62.010     3.656   63   48   59   45
  61   -30.826    33.749     3.139   86   80   89   80
  62   -40.100     3.122     2.841   91   84   95   86
  63   -50.054     3.140     2.868   90   85   94   85
  64  -126.410   -24.841     4.725   97   93  101   92
  65   -74.867    73.367     2.978   46   37   43   35
  66   -44.937     2.929     2.944   93   87   96   87
  67  -129.866   -24.900     4.905  100   94  102   93
  68   -17.634    33.127     3.358   87   81   90   81
  69   -39.244   101.738     2.363   24   17   28   17
  70   -62.168     3.051     3.177   92   86   93   84
  71  -120.901   100.220     1.607   25   26   32   27
  72     8.815   169.970     1.160   10    5    8    3
  73  -109.281    58.377     2.344   85   78   88   78
  74   -46.521    73.431     3.025   47   39   45   34
  75   -80.095    60.398     2.925   73   64   72   64
  76  -117.386   -24.982     3.358   98   95  103   94
  77  -113.964   -16.018     3.939   94   89   97   88
  78  -228.578    98.120     3.139   30   30   39   32
  79   -27.981    59.538     2.792   84   75   85   70
  80  -228.442    58.949     3.856   69   70   82   74
  81    -1.139    60.498     3.092   83   71   78   63
  82   -21.796    74.308     2.536   44   33   42   33
  83    17.435   177.942     0.628    2    0    4    1
  84  -127.104   -17.805     7.652   96   90   98   89
  85  -255.791   151.140     2.338   13    8   16    9
  86     2.868   170.950     2.026    8    3    7    2
  87  -259.253   159.962     1.482   12    7   12    6
  88  -263.734   166.636     2.321    7    2   10    4
  89  -123.415   -23.597     7.383  101   92  104   95
  90  -266.078   169.924   -17.159    4    1    6    5
  91  -259.015   160.289     2.992    6    6   14    8
  92     6.915   -27.544    -2.991   99   97  106   98
  93   -36.781   100.293     2.429   37   32   -1   23
  94  -253.732   -35.875    -2.589  104   99   -1   97
  95  -263.918   166.887   -20.647    3   -1    9    7
  96    18.744   -38.097   -22.279  102   98  107   -1
  97  -242.650   182.645   -21.859    1   -1    1    0
