96
   1   -31.460   137.243     2.029   16   10   18   11
   2  -233.121    72.249     3.593   41   34   49   40
   3  -208.373    72.477     3.516   42   35   48   39
   4   -65.179   100.251     2.413   37   29   34   25
   5     0.090   137.242     2.230   17   11   17   10
   6  -202.484    59.200     3.527   69   68   80   72
   7  -108.322   101.715     1.664   20   14   23   21
   8   -75.167   100.401     2.363   34   27   31   24
   9  -181.575    58.364     2.916   83   76   87   77
  10  -151.696    60.646     2.699   57   53   63   61
  11  -175.828    58.404     2.863   85   77   86   76
  12  -162.971    99.974     2.187   23   22   35   29
  13  -183.482    72.208     2.588   45   40   50   41
  14  -157.433    60.604     2.865   56   52   64   62
  15   -34.072   102.028     2.330   24   16   21   13
  16  -237.776    98.357     3.287   29   28   38   31
  17  -208.199    59.150     3.636   71   67   81   73
  18   -24.147   101.796     2.232   28   19   25   15
  19  -127.581    60.858     2.288   59   54   61   56
  20   -70.017   100.046     2.394   38   31   36   26
  21  -214.612    59.371     3.728   63   65   75   69
  22  -118.228   101.948     1.605   18   12   20   19
  23  -172.788   100.123     2.097   22   18   33   28
  24  -133.307    60.810     2.343   58   55   62   59
  25  -123.550   101.804     1.612   19   13   22   20
  26  -100.291    59.833     2.436   80   73   76   68
  27  -139.462    61.026     2.389   52   50   57   52
  28  -239.143    59.171     3.919   62   63   79   71
  29  -113.106   101.495     1.618   21   15   27   22
  30   -65.358    61.893     3.031   55   44   53   47
  31  -187.937    58.631     3.028   82   74   84   75
  32   -88.466    31.646     3.138   90   82   91   82
  33  -163.593    60.796     2.925   53   51   60   55
  34  -111.885    59.951     2.291   74   69   74   66
  35   -69.172    30.320     3.007   91   83   92   83
  36  -157.692    72.733     2.672   43   36   47   38
  37   -77.416    62.122     2.993   50   42   51   44
  38   -94.559    59.882     2.571   81   72   77   67
  39  -106.611    60.089     2.330   72   66   73   65
  40   -71.098    61.851     3.026   54   45   54   49
  41   -28.969   101.585     2.290   30   21   29   18
  42   -82.671    61.851     2.931   51   43   52   48
  43  -130.693    73.001     1.951   44   38   44   36
  44   -46.943    60.777     3.056   76   62   71   60
  45   -41.215    60.817     2.990   77   61   70   58
  46     4.516   101.847     2.615   33   23   26   12
  47  -167.822    99.751     2.116   25   24   37   30
  48  -102.410    72.916     2.138   47   41   46   37
  49   -53.241    60.813     3.081   73   58   68   57
  50    -5.380   101.856     2.389   31   20   24   14
  51   -18.970    61.008     2.775   78   59   67   54
  52   -30.617    61.251     2.861   66   56   65   50
  53  -120.403   -17.623     4.214   97   91   99   90
  54   -13.303    61.039     2.795   79   60   69   53
  55   -25.283    61.248     2.793   67   57   66   51
  56    -0.242   101.616     2.484   36   25   30   16
  57     1.760    62.175     3.166   61   47   56   43
  58     7.867    61.973     3.435   64   49   58   46
  59    13.577    62.011     3.657   65   48   59   45
  60    -3.792    62.205     3.003   60   46   55   42
  61   -30.827    33.749     3.141   88   80   89   80
  62   -40.098     3.123     2.844   93   84   95   86
  63   -50.053     3.140     2.873   92   85   94   85
  64  -126.411   -24.841     4.722   99   93  101   92
  65   -74.868    73.366     2.981   48   37   43   35
  66   -44.936     2.930     2.944   95   87   96   87
  67   -62.141     3.058     3.244   94   86   93   84
  68  -129.863   -24.898     4.901  100   94  102   93
  69   -17.631    33.130     3.344   89   81   90   81
  70   -39.244   101.738     2.365   26   17   28   17
  71  -120.901   100.220     1.610   27   26   32   27
  72  -109.280    58.377     2.348   87   78   88   78
  73     8.799   169.965     1.139    9    5    8    3
  74   -46.520    73.432     3.016   49   39   45   34
  75   -80.096    60.396     2.928   75   64   72   64
  76  -117.385   -24.983     3.364  101   95  103   94
  77  -113.965   -16.018     3.939   96   89   97   88
  78  -228.578    98.120     3.139   32   30   39   32
  79   -27.979    59.540     2.792   86   75   85   70
  80  -228.442    58.948     3.857   70   70   82   74
  81    -1.139    60.499     3.087   84   71   78   63
  82   -21.792    74.311     2.529   46   33   42   33
  83    17.437   177.943     0.632    1    0    4    1
  84  -127.105   -17.806     7.652   98   90   98   89
  85  -255.783   151.145     2.336   13    8   16    9
  86     2.907   170.962     2.084    7    3    7    2
  87  -259.217   159.985     1.471   11    7   12    6
  88  -263.726   166.640     2.324    6    2   10    4
  89  -123.416   -23.597     7.381  102   92  104   95
  90  -263.699   157.056     5.185   12    6   14    8
  91  -265.304   168.745   -12.633    4    1    9    5
  92     5.039   -29.341     6.544  103   97  106   98
  93   -36.785   100.290     2.441   39   32   -1   23
  94  -253.766   -35.888    -2.542  106   99   -1   97
  95  -264.949   169.686   -26.480    0   -1    6    7
  96  -243.039   181.250   -22.105    2   -1    1    0
