99
   1  -208.378    72.478     3.511   40   35   45   40
   2   -31.460   137.245     2.040   14   11   15   12
   3  -233.120    72.246     3.600   39   36   46   41
   4     0.093   137.246     2.234   15   12   14   11
   5  -202.484    59.202     3.520   67   69   77   73
   6   -75.169   100.401     2.370   32   28   28   25
   7  -108.316   101.715     1.661   18   15   20   22
   8   -65.182   100.252     2.400   35   30   31   26
   9  -181.569    58.363     2.887   81   77   84   79
  10  -157.435    60.604     2.869   55   53   61   63
  11  -175.829    58.405     2.861   82   78   83   78
  12  -183.480    72.210     2.593   43   41   47   42
  13  -208.195    59.153     3.637   68   68   78   74
  14  -162.976    99.976     2.183   21   23   32   30
  15  -151.695    60.648     2.700   54   54   60   62
  16  -237.775    98.356     3.283   27   29   35   32
  17  -127.585    60.859     2.302   57   55   58   57
  18   -34.072   102.029     2.335   22   17   18   14
  19   -24.143   101.796     2.235   26   20   22   16
  20  -118.227   101.949     1.599   16   13   17   20
  21   -70.019   100.048     2.385   36   32   33   27
  22  -214.607    59.372     3.733   61   65   72   70
  23  -133.309    60.812     2.347   56   56   59   60
  24  -123.551   101.804     1.612   17   14   19   21
  25  -139.461    61.028     2.385   50   51   54   53
  26  -239.142    59.170     3.903   60   64   76   72
  27  -113.102   101.495     1.632   19   16   24   23
  28  -100.292    59.830     2.435   78   74   73   69
  29  -172.787   100.123     2.094   20   19   30   29
  30  -187.933    58.632     3.030   80   75   81   77
  31   -88.472    31.649     3.141   88   83   88   84
  32  -111.886    59.952     2.297   72   70   71   67
  33  -157.694    72.736     2.666   41   37   44   39
  34   -69.172    30.327     3.008   89   84   89   85
  35   -94.559    59.881     2.569   79   73   74   68
  36  -106.610    60.089     2.336   70   67   70   66
  37  -163.589    60.796     2.918   51   52   57   56
  38   -65.357    61.893     3.030   53   45   50   48
  39   -28.965   101.583     2.303   28   22   26   19
  40   -71.098    61.848     3.028   52   46   51   50
  41   -77.415    62.121     2.998   48   43   48   45
  42  -130.689    72.998     1.962   42   39   41   37
  43   -82.669    61.852     2.925   49   44   49   49
  44  -102.404    72.915     2.122   45   42   43   38
  45   -46.943    60.776     3.060   74   63   68   61
  46   -41.218    60.816     2.994   75   62   67   59
  47  -167.829    99.751     2.113   23   25   34   31
  48   -53.240    60.814     3.063   71   59   65   58
  49     4.518   101.852     2.613   31   24   23   13
  50    -5.381   101.862     2.378   29   21   21   15
  51   -30.615    61.249     2.862   64   57   62   51
  52   -18.969    61.007     2.786   76   60   64   55
  53  -120.404   -17.621     4.228   95   92   96   92
  54   -13.301    61.037     2.783   77   61   66   54
  55   -25.283    61.249     2.800   65   58   63   52
  56    -0.244   101.615     2.485   34   26   27   17
  57     7.866    61.973     3.434   62   50   55   47
  58    -3.790    62.207     2.991   58   47   52   43
  59     1.762    62.175     3.171   59   48   53   44
  60    13.578    62.007     3.650   63   49   56   46
  61   -40.103     3.125     2.841   91   85   92   88
  62   -50.055     3.142     2.856   90   86   91   87
  63   -30.828    33.751     3.170   86   81   86   82
  64  -126.410   -24.839     4.739   97   94   98   94
  65  -129.864   -24.897     4.917  100   95   99   95
  66   -44.936     2.931     2.947   93   88   93   89
  67   -17.635    33.131     3.374   87   82   87   83
  68   -39.239   101.734     2.361   24   18   25   18
  69   -74.861    73.368     2.981   46   38   40   36
  70   -62.196     3.064     3.222   92   87   90   86
  71     8.791   169.976     1.109   10    5    8    4
  72  -120.898   100.221     1.604   25   27   29   28
  73  -109.281    58.377     2.358   85   79   85   80
  74   -46.532    73.433     3.044   47   40   42   35
  75   -80.092    60.396     2.923   73   66   69   65
  76  -117.383   -24.981     3.362   98   96  100   96
  77  -113.967   -16.017     3.942   94   90   94   90
  78  -227.835    59.054     2.211   69   71   79   75
  79  -228.579    98.119     3.129   30   31   36   33
  80   -27.977    59.536     2.782   84   76   82   71
  81    -1.133    60.497     3.078   83   72   75   64
  82   -21.801    74.321     2.551   44   34   39   34
  83    17.412   177.938     0.667    2    0    4    1
  84  -127.101   -17.807     7.654   96   91   95   91
  85  -255.802   151.140     2.378   13    9   13   10
  86     2.884   170.924     2.256    8    3    7    3
  87  -259.271   159.971     1.499   12    8   10    7
  88  -123.417   -23.597     7.377  101   93  101   97
  89  -263.592   166.555     2.328    7    2    9    5
  90  -262.220   160.912    -7.287    4    6   12    9
  91    15.221   -34.476   -14.821  102   98  104  101
  92  -258.720   174.183    -7.536    1    1    6    2
  93     9.184   -27.764     3.574   99   99  103  100
  94  -232.743    58.923     3.902   66   -1   80   76
  95   -36.781   100.291     2.428   37   33   -1   24
  96  -253.724   -35.831    -2.626  104  101   -1   99
  97  -256.680   160.351     4.490    6   -1   11    8
  98  -270.089   174.202   -20.155    3   -1    3    6
  99  -242.062   180.781   -18.776    5   -1    1    0
