70
   0   -2    -39.132    134.030     80.549 4
   1   -2     -7.446    134.085     81.214 4
   2   -2   -241.558     69.396     81.177 4
   3   -2   -216.750     69.589     80.668 4
   4   -2   -191.803     69.220     80.590 4
   5   -2    -96.720     28.209     79.953 4
   6   -2    -77.400     26.828     80.163 4
   7   -2   -238.178     56.103     81.247 4
   8   -2   -213.575     56.226     80.825 4
   9   -2   -165.980     69.646     80.573 4
  -1   -2   -117.840     98.463     79.901 4
  10   -2   -172.719     96.883     79.876 4
  11   -2    -33.547     98.349     80.541 4
  12   -2     -4.832     98.386     81.029 4
  13   -2   -237.562     95.275     80.832 4
  14   -2   -223.046     56.344     80.981 4
  16   -2   -128.851    -21.146     80.005 4
  15   -2   -196.344     55.617     80.695 4
  17   -2   -171.927     57.677     80.650 4
  18   -2   -247.640     56.284     81.485 4
  19   -2   -138.898     69.839     80.347 4
  20   -2   -147.759     57.868     80.465 4
  21   -2   -180.966     97.094     79.912 4
  22   -2    -83.086     97.156     80.072 4
  23   -2   -246.064     95.574     80.950 4
  25   -2    -38.991     30.192     80.624 4
  26   -2   -110.502     69.647     80.043 4
  24   -2    -38.700     57.733     81.059 4
  27   -2   -135.852    -21.018     80.338 4
  28   -2    -25.779     29.577     80.854 4
  29   -2    -61.329     57.391     80.687 4
  30   -2   -252.638    -24.507     81.701 4
  -1   -2    -33.341     57.716     81.033 4
  -1   -2    -11.753     58.663     81.277 4
  31   -2    -13.149     98.475     80.891 4
  -1   -2     -6.261     58.591     81.342 4
  33   -2    -58.338     -0.507     80.478 4
  35   -2   -256.806    169.797     80.374 4
  36   -2   -187.679     55.257     78.949 4
  37   -2   -139.289     57.554     78.645 4
  38   -2   -106.127     56.447     78.509 4
  39   -2   -163.463     57.425     78.825 4
  42   -2    -82.924     70.029     80.308 4
  40   -2    -76.839     58.400     78.749 4
  41   -2    -52.680     57.270     79.157 4
  43   -2    -24.648     57.447     79.385 4
  -1   -2   -129.538     98.608     78.505 4
  45   -2      2.300     58.368     79.967 4
  46   -2    -88.557     58.404     78.903 4
  47   -2   -122.397    -19.546     79.748 4
  48   -2    -75.431     96.775     78.182 4
  49   -2    -50.770     -0.834     78.899 4
  -1   -2   -119.282     56.539     78.494 4
  52   -2    -54.544     70.029     80.789 4
  53   -2    -44.262     98.514     77.762 4
  54   -2     16.224    170.206     80.928 4
  55   -2    -29.814     70.886     80.930 4
  -1   -2   -266.233    -36.340     18.104 4
  -1   -2   -128.655    -24.468     62.653 4
  -1   -2   -114.729     56.823     80.151 4
  59   -2   -126.346    -28.426     80.478 4
  -1   -2   -271.625    173.795     80.421 4
  -1   -2    -20.626    -15.914     -9.170 4
  -1   -2     -3.109    173.944     79.307 4
  -1   -2   -297.220     35.296     20.795 4
  -1   -2   -288.160     95.453     50.862 4
  -1   -2     19.345    -33.681     49.102 4
  -1   -2   -241.567    -30.802     48.852 4
  -1   -2   -264.226    -24.975     25.586 4
  -1   -2     20.550    138.565     81.117 4
