69
   0    0    -39.134    134.032     80.532 4
   1    1     -7.444    134.089     81.203 4
   2    2   -241.557     69.396     81.170 4
   3    3   -216.749     69.591     80.661 4
   4    4   -191.806     69.221     80.588 4
   5    5    -96.720     28.209     79.957 4
   6    6    -77.399     26.828     80.157 4
   7    7   -238.174     56.102     81.232 4
   8    8   -213.576     56.228     80.813 4
   9    9   -165.982     69.648     80.556 4
  11   11   -172.720     96.882     79.872 4
  12   12    -33.541     98.350     80.523 4
  13   13     -4.830     98.384     81.044 4
  14   14   -237.564     95.273     80.810 4
  15   15   -223.046     56.345     80.977 4
  17   17   -196.341     55.619     80.679 4
  16   16   -128.852    -21.146     79.991 4
  18   18   -171.926     57.673     80.638 4
  19   19   -247.641     56.286     81.476 4
  20   20   -138.896     69.837     80.340 4
  21   21   -147.756     57.866     80.462 4
  22   22   -180.968     97.094     79.905 4
  23   23    -83.087     97.160     80.081 4
  24   24   -246.062     95.572     80.945 4
  25   27    -38.696     57.738     81.048 4
  26   25    -38.990     30.192     80.624 4
  28   26   -110.506     69.648     80.034 4
  27   28   -135.857    -21.014     80.340 4
  29   29    -25.776     29.577     80.852 4
  31   30    -61.328     57.386     80.676 4
  30   31   -252.643    -24.507     81.704 4
  33   34    -13.142     98.468     80.883 4
  -1   -2    -33.397     57.684     81.035 4
  36   36    -58.341     -0.509     80.476 4
  -1   -2   -117.436     98.536     80.777 4
  37   37   -256.805    169.798     80.354 4
  38   38   -187.677     55.258     78.946 4
  40   39   -139.286     57.554     78.649 4
  39   40   -106.128     56.449     78.511 4
  41   41   -163.462     57.426     78.804 4
  42   43    -76.842     58.401     78.763 4
  43   44    -52.680     57.271     79.151 4
  44   42    -82.922     70.032     80.307 4
  45   45    -24.651     57.450     79.386 4
  -1   -2   -129.540     98.609     78.500 4
  46   47      2.300     58.371     79.964 4
  47   48    -88.553     58.405     78.902 4
  48   49   -122.397    -19.549     79.731 4
  49   50    -75.433     96.774     78.186 4
  50   51    -50.776     -0.836     78.876 4
  -1   -2    -11.039     58.746     79.788 4
  -1   -2   -117.338     56.474     77.205 4
  52   53    -54.549     70.029     80.800 4
  55   54    -44.265     98.517     77.727 4
  54   55     16.200    170.204     81.100 4
  56   56    -29.805     70.885     80.938 4
  -1   -2   -243.685    -29.219     61.122 4
  -1   -2   -132.513    -25.923     48.536 4
  -1   -2     -6.351     58.611     81.504 4
  59   60   -126.360    -28.425     80.471 4
  -1   -2   -271.587    173.786     80.518 4
  -1   -2     -3.554    173.902     77.293 4
  -1   -2    -22.233    -15.642    -12.590 4
  -1   -2   -158.293     41.415    -29.767 4
  -1   -2   -293.945     33.069     31.877 4
  -1   -2   -292.293     97.310     38.210 4
  -1   -2   -272.262    -31.724     56.151 4
  -1   -2     19.319    -33.697     49.152 4
  -1   -2     21.822    136.760     79.992 4
