70
  -1    0    -39.142    134.032     80.558
  -1    1     -7.445    134.088     81.202
  -1    2   -241.559     69.399     81.175
  -1    3   -216.750     69.593     80.661
  -1    4   -191.807     69.223     80.591
  -1    5    -96.724     28.209     79.965
  -1    6    -77.400     26.831     80.159
  -1    7   -238.174     56.103     81.239
  -1    8   -213.573     56.228     80.830
  -1    9   -165.984     69.652     80.563
  -1   -2   -117.838     98.469     79.899
  -1   10   -172.728     96.885     79.879
  -1   11    -33.550     98.356     80.544
  -1   12     -4.833     98.386     81.047
  -1   13   -237.561     95.277     80.831
  -1   14   -223.046     56.344     80.981
  -1   16   -128.851    -21.143     80.000
  -1   15   -196.344     55.615     80.679
  -1   17   -171.925     57.676     80.651
  -1   18   -247.644     56.284     81.474
  -1   19   -138.899     69.840     80.341
  -1   20   -147.758     57.869     80.452
  -1   21   -180.969     97.098     79.917
  -1   22    -83.086     97.160     80.084
  -1   23   -246.067     95.572     80.955
  -1   24    -38.700     57.735     81.066
  -1   25    -38.996     30.194     80.625
  -1   27   -135.854    -21.018     80.336
  -1   26   -110.503     69.649     80.049
  -1   28    -25.778     29.576     80.857
  -1   30   -252.643    -24.506     81.700
  -1   29    -61.329     57.390     80.684
  -1   -2    -33.349     57.717     81.020
  -1   31    -13.148     98.470     80.885
  -1   -2    -11.754     58.663     81.288
  -1   -2     -6.266     58.594     81.347
  -1   33    -58.340     -0.507     80.481
  -1   35   -256.809    169.797     80.371
  -1   36   -187.680     55.259     78.960
  -1   38   -106.133     56.450     78.517
  -1   37   -139.293     57.556     78.655
  -1   39   -163.464     57.428     78.823
  -1   40    -76.845     58.403     78.764
  -1   41    -52.683     57.273     79.135
  -1   42    -82.927     70.033     80.315
  -1   43    -24.660     57.451     79.402
  -1   45      2.302     58.373     79.960
  -1   46    -88.553     58.408     78.908
  -1   47   -122.407    -19.548     79.740
  -1   48    -75.436     96.777     78.203
  -1   49    -50.774     -0.832     78.894
  -1   -2   -117.338     56.471     77.198
  -1   52    -54.543     70.027     80.793
  -1   -2   -128.839     98.763     77.026
  -1   54     16.197    170.186     81.166
  -1   53    -44.260     98.516     77.733
  -1   55    -29.817     70.890     80.980
  -1   -2   -242.087    -29.104     58.260
  -1   -2   -132.356    -25.569     55.912
  -1   59   -126.877    -28.496     79.892
  -1   -2   -271.597    173.790     80.509
  -1   -2     -6.049    171.189     68.254
  -1   -2    -20.264    -15.968     -8.332
  -1   -2   -292.821     32.507     35.689
  -1   -2   -287.889     94.147     51.286
  -1   -2   -268.614    -36.636     37.202
  -1   -2     22.843    -36.995     35.396
  -1   -2   -257.006    -24.188     33.279
  -1   -2     21.879    138.340     78.516
  -1   -2   -210.805    -41.254    -18.226
