69
   0    0    -39.134    134.032     80.532
   1    1     -7.444    134.089     81.203
   2    2   -241.557     69.396     81.170
   3    3   -216.749     69.591     80.661
   4    4   -191.806     69.221     80.588
   5    5    -96.720     28.209     79.957
   6    6    -77.399     26.828     80.157
   7    7   -238.174     56.102     81.232
   8    8   -213.576     56.228     80.813
   9    9   -165.982     69.648     80.556
  11   11   -172.720     96.882     79.872
  12   12    -33.541     98.350     80.523
  13   13     -4.830     98.384     81.044
  14   14   -237.564     95.273     80.810
  15   15   -223.046     56.345     80.977
  17   17   -196.341     55.619     80.679
  16   16   -128.852    -21.146     79.991
  18   18   -171.926     57.673     80.638
  19   19   -247.641     56.286     81.476
  20   20   -138.896     69.837     80.340
  21   21   -147.756     57.866     80.462
  22   22   -180.968     97.094     79.905
  23   23    -83.087     97.160     80.081
  24   24   -246.062     95.572     80.945
  25   27    -38.696     57.738     81.048
  26   25    -38.990     30.192     80.624
  28   26   -110.506     69.648     80.034
  27   28   -135.857    -21.014     80.340
  29   29    -25.776     29.577     80.852
  31   30    -61.328     57.386     80.676
  30   31   -252.643    -24.507     81.704
  33   34    -13.142     98.468     80.883
  -1   -2    -33.397     57.684     81.035
  36   36    -58.341     -0.509     80.476
  -1   -2   -117.436     98.536     80.777
  37   37   -256.805    169.798     80.354
  38   38   -187.677     55.258     78.946
  40   39   -139.286     57.554     78.649
  39   40   -106.128     56.449     78.511
  41   41   -163.462     57.426     78.804
  42   43    -76.842     58.401     78.763
  43   44    -52.680     57.271     79.151
  44   42    -82.922     70.032     80.307
  45   45    -24.651     57.450     79.386
  -1   -2   -129.540     98.609     78.500
  46   47      2.300     58.371     79.964
  47   48    -88.553     58.405     78.902
  48   49   -122.397    -19.549     79.731
  49   50    -75.433     96.774     78.186
  50   51    -50.776     -0.836     78.876
  -1   -2    -11.039     58.746     79.788
  -1   -2   -117.338     56.474     77.205
  52   53    -54.549     70.029     80.800
  55   54    -44.265     98.517     77.727
  54   55     16.200    170.204     81.100
  56   56    -29.805     70.885     80.938
  -1   -2   -243.685    -29.219     61.122
  -1   -2   -132.513    -25.923     48.536
  -1   -2     -6.351     58.611     81.504
  59   60   -126.360    -28.425     80.471
  -1   -2   -271.587    173.786     80.518
  -1   -2     -3.554    173.902     77.293
  -1   -2    -22.233    -15.642    -12.590
  -1   -2   -158.293     41.415    -29.767
  -1   -2   -293.945     33.069     31.877
  -1   -2   -292.293     97.310     38.210
  -1   -2   -272.262    -31.724     56.151
  -1   -2     19.319    -33.697     49.152
  -1   -2     21.822    136.760     79.992
