70
   1   -39.142   134.032    80.558   10    3    9    7
   2    -7.445   134.088    81.202   11    4   10    6
   3  -241.559    69.399    81.175   29   17   37   34
   4  -216.750    69.593    80.661   30   18   35   33
   5  -191.807    69.223    80.591   33   22   41   35
   6   -96.724    28.209    79.965   74   51   73   67
   7   -77.400    26.831    80.159   75   52   74   69
   8  -238.174    56.103    81.239   52   38   60   56
   9  -213.573    56.228    80.830   53   40   59   55
  10  -165.984    69.652    80.563   31   20   38   31
  11  -117.838    98.469    79.899   15    6   20   18
  12  -172.728    96.885    79.879   17    9   27   22
  13   -33.550    98.356    80.544   22   10   23   14
  14    -4.833    98.386    81.047   26   13   24   12
  15  -237.561    95.277    80.831   23   14   30   24
  16  -223.046    56.344    80.981   51   37   55   54
  17  -128.851   -21.143    80.000   81   58   79   76
  18  -196.344    55.615    80.679   67   46   65   58
  19  -171.925    57.676    80.651   39   28   47   45
  20  -247.644    56.284    81.474   48   35   54   53
  21  -138.899    69.840    80.341   32   21   36   30
  22  -147.758    57.869    80.452   40   29   46   42
  23  -180.969    97.098    79.917   16    7   25   21
  24   -83.086    97.160    80.084   25   15   26   19
  25  -246.067    95.572    80.955   19   11   29   23
  26   -38.700    57.735    81.066   56   36   53   44
  27   -38.996    30.194    80.625   72   49   70   65
  28  -135.854   -21.018    80.336   80   57   78   75
  29  -110.503    69.649    80.049   36   24   40   32
  30   -25.778    29.576    80.857   73   50   71   66
  31  -252.643   -24.506    81.700   97   68   80   79
  32   -61.329    57.390    80.684   59   41   57   50
  33   -33.349    57.717    81.020   57   39   56   43
  34   -13.148    98.470    80.885   24   12   22   11
  35   -11.754    58.663    81.288   49   30   50   37
  36    -6.266    58.594    81.347   50   33   51   38
  37   -58.340    -0.507    80.481   76   53   75   70
  38  -256.809   169.797    80.371    5    0    6    4
  39  -187.680    55.259    78.960   68   47   66   59
  40  -106.133    56.450    78.517   64   45   64   52
  41  -139.293    57.556    78.655   46   32   49   46
  42  -163.464    57.428    78.823   44   31   48   48
  43   -76.845    58.403    78.764   41   27   45   41
  44   -52.683    57.273    79.135   60   43   58   49
  45   -82.927    70.033    80.315   35   23   39   29
  46   -24.660    57.451    79.402   63   42   61   47
  47     2.302    58.373    79.960   54   34   52   39
  48   -88.553    58.408    78.908   42   26   44   40
  49  -122.407   -19.548    79.740   79   56   77   74
  50   -75.436    96.777    78.203   28   16   28   20
  51   -50.774    -0.832    78.894   78   54   76   71
  52  -117.338    56.471    77.198   61   44   62   51
  53   -54.543    70.027    80.793   37   25   42   28
  54  -128.839    98.763    77.026   13    5   19   15
  55    16.197   170.186    81.166    7    1    5    1
  56   -44.260    98.516    77.733   21    8   21   13
  57   -29.817    70.890    80.980   34   19   34   27
  58  -242.087   -29.104    58.260   96   75   81   78
  59  -132.356   -25.569    55.912   83   70   83   94
  60  -126.877   -28.496    79.892  101   71   -1  102
  61  -271.597   173.790    80.509    1   -1    3    2
  62    -6.049   171.189    68.254    6   -1    4    0
  63   -20.264   -15.968    -8.332   77   64   -1  100
  64  -292.821    32.507    35.689   -1   48   69   68
  65  -287.889    94.147    51.286   12   -1   31   25
  66  -268.614   -36.636    37.202  102   73   -1  104
  67    22.843   -36.995    35.396   98   76   -1  108
  68  -257.006   -24.188    33.279   -1   69   82   77
  69    21.879   138.340    78.516    8    2   13   -1
  70  -210.805   -41.254   -18.226   93   82   -1   -1
