69
   1   -39.139   134.034    80.557    8    3    9    7
   2    -7.446   134.086    81.206    9    4   10    6
   3  -241.559    69.399    81.178   28   17   37   34
   4  -216.749    69.593    80.664   29   18   35   33
   5  -191.806    69.222    80.600   32   22   41   35
   6   -96.724    28.210    79.965   73   51   73   67
   7   -77.399    26.831    80.160   74   52   74   69
   8  -238.175    56.103    81.235   51   38   60   56
   9  -213.577    56.228    80.818   52   40   59   55
  10  -165.984    69.652    80.563   30   20   38   31
  11  -172.727    96.883    79.892   16    9   27   22
  12   -33.550    98.355    80.547   21   10   23   14
  13    -4.833    98.387    81.046   25   13   24   12
  14  -237.563    95.276    80.825   22   14   30   24
  15  -223.049    56.343    80.975   50   37   55   54
  16  -128.852   -21.143    79.999   80   58   79   76
  17  -196.344    55.615    80.677   66   46   65   58
  18  -171.927    57.674    80.656   38   28   47   45
  19  -247.643    56.284    81.475   47   35   54   53
  20  -138.897    69.840    80.347   31   21   36   30
  21  -147.758    57.867    80.458   39   29   46   42
  22  -180.970    97.097    79.917   15    7   25   21
  23   -83.086    97.159    80.093   24   15   26   19
  24  -246.066    95.573    80.954   18   11   29   23
  25   -38.995    30.194    80.629   71   49   70   65
  26   -38.698    57.737    81.064   55   36   53   44
  27  -135.853   -21.018    80.338   79   57   78   75
  28  -110.502    69.650    80.047   35   24   40   32
  29   -25.778    29.576    80.858   72   50   71   66
  30   -61.329    57.390    80.683   58   41   57   50
  31  -252.646   -24.508    81.703   97   68   80   79
  32   -33.349    57.715    81.033   57   39   56   43
  33   -13.148    98.470    80.884   23   12   22   11
  34   -11.752    58.664    81.293   48   30   50   37
  35    -6.263    58.596    81.341   49   33   51   38
  36   -58.341    -0.507    80.484   75   53   75   70
  37  -117.435    98.539    80.786   13    6   20   18
  38  -256.808   169.796    80.378    5    0    6    4
  39  -187.680    55.259    78.962   67   47   66   59
  40  -139.291    57.558    78.653   45   32   49   46
  41  -106.133    56.449    78.523   63   45   64   52
  42  -163.466    57.428    78.814   43   31   48   48
  43   -76.846    58.402    78.771   40   27   45   41
  44   -52.684    57.271    79.140   59   43   58   49
  45   -82.926    70.033    80.321   34   23   39   29
  46   -24.658    57.452    79.403   62   42   61   47
  47     2.300    58.372    79.963   53   34   52   39
  48   -88.554    58.406    78.917   41   26   44   40
  49  -122.407   -19.547    79.740   78   56   77   74
  50   -75.438    96.775    78.212   27   16   28   20
  51   -50.773    -0.833    78.902   77   54   76   71
  52  -117.337    56.472    77.198   60   44   62   51
  53   -54.545    70.025    80.793   36   25   42   28
  54  -128.838    98.763    77.027   11    5   19   15
  55    16.205   170.185    81.193    6    1    5    1
  56   -44.259    98.517    77.735   20    8   21   13
  57   -29.821    70.888    80.979   33   19   34   27
  58  -242.363   -29.173    57.680   95   75   81   78
  59  -128.715   -24.467    62.787   81   70   83   94
  60  -254.138   -24.841    54.491   96   69   82   77
  61  -126.352   -28.424    80.458   99   71   -1  102
  62  -271.605   173.787    80.487    1   -1    3    2
  63   -20.265   -15.969    -8.323   76   64   -1  100
  64    -3.561   173.901    77.311    3   -1    4    0
  65  -287.918    94.146    51.205   10   -1   31   25
  66  -292.821    32.507    35.689   -1   48   69   68
  67  -268.726   -36.731    37.836  103   73   -1  104
  68    22.790   -37.007    35.359   98   76   -1  108
  69    21.882   138.322    78.699    7    2   13   -1
