69
   1   -39.134   134.032    80.532    8    3    9    7
   2    -7.444   134.089    81.203    9    4   10    6
   3  -241.557    69.396    81.170   28   17   35   35
   4  -216.749    69.591    80.661   29   18   34   34
   5  -191.806    69.221    80.588   32   22   40   36
   6   -96.720    28.209    79.957   73   51   71   67
   7   -77.399    26.828    80.157   74   52   73   69
   8  -238.174    56.102    81.232   51   38   58   57
   9  -213.576    56.228    80.813   52   40   57   56
  10  -165.982    69.648    80.556   30   20   37   33
  11  -172.720    96.882    79.872   16    9   29   24
  12   -33.541    98.350    80.523   21   10   25   17
  13    -4.830    98.384    81.044   25   13   26   15
  14  -237.564    95.273    80.810   22   14   32   26
  15  -223.046    56.345    80.977   50   37   53   55
  16  -196.341    55.619    80.679   66   46   63   58
  17  -128.852   -21.146    79.991   80   58   78   76
  18  -171.926    57.673    80.638   38   28   45   46
  19  -247.641    56.286    81.476   47   35   52   54
  20  -138.896    69.837    80.340   31   21   36   31
  21  -147.756    57.866    80.462   39   29   44   43
  22  -180.968    97.094    79.905   15    7   27   23
  23   -83.087    97.160    80.081   24   15   28   21
  24  -246.062    95.572    80.945   18   11   31   25
  25   -38.696    57.738    81.048   55   36   51   44
  26   -38.990    30.192    80.624   71   49   69   65
  27  -110.506    69.648    80.034   35   24   39   32
  28  -135.857   -21.014    80.340   79   57   77   75
  29   -25.776    29.577    80.852   72   50   70   66
  30   -61.328    57.386    80.676   58   41   55   51
  31  -252.643   -24.507    81.704   97   66   80   78
  32   -13.142    98.468    80.883   23   12   24   14
  33   -33.397    57.684    81.035   57   39   54   45
  34   -58.341    -0.509    80.476   75   53   74   70
  35  -117.436    98.536    80.777   13    6   22   20
  36  -256.805   169.798    80.354    5    0    6    4
  37  -187.677    55.258    78.946   67   47   64   59
  38  -139.286    57.554    78.649   45   32   47   47
  39  -106.128    56.449    78.511   63   45   62   53
  40  -163.462    57.426    78.804   43   31   46   49
  41   -76.842    58.401    78.763   40   27   43   41
  42   -52.680    57.271    79.151   59   43   56   50
  43   -82.922    70.032    80.307   34   23   38   30
  44   -24.651    57.450    79.386   62   42   60   48
  45  -129.540    98.609    78.500   11    5   21   19
  46     2.300    58.371    79.964   53   34   50   39
  47   -88.553    58.405    78.902   41   26   42   40
  48  -122.397   -19.549    79.731   78   55   76   74
  49   -75.433    96.774    78.186   27   16   30   22
  50   -50.776    -0.836    78.876   77   54   75   71
  51   -11.039    58.746    79.788   48   30   48   38
  52  -117.338    56.474    77.205   60   44   59   52
  53   -54.549    70.029    80.800   36   25   41   29
  54   -44.265    98.517    77.727   20    8   23   16
  55    16.200   170.204    81.100    6    1    5    1
  56   -29.805    70.885    80.938   33   19   33   28
  57  -243.685   -29.219    61.122   95   73   79   77
  58  -132.513   -25.923    48.536   83   68   81  100
  59    -6.351    58.611    81.504   49   33   49   -1
  60  -126.360   -28.425    80.471   99   69   -1  105
  61  -271.587   173.786    80.518    1   -1    3    2
  62    -3.554   173.902    77.293    3   -1    4    0
  63   -22.233   -15.642   -12.590   76   65   -1  103
  64  -158.293    41.415   -29.767   68   -1   61   64
  65  -293.945    33.069    31.877   -1   48   67   68
  66  -292.293    97.310    38.210   10   -1   19   27
  67  -272.262   -31.724    56.151  103   67   -1  107
  68    19.319   -33.697    49.152   98   70   -1  111
  69    21.822   136.760    79.992    7    2   14   -1
