70
   1   -39.132   134.030    80.549    8    3    8    7
   2    -7.446   134.085    81.214    9    4    9    6
   3  -241.558    69.396    81.177   27   17   38   33
   4  -216.750    69.589    80.668   28   18   36   32
   5  -191.803    69.220    80.590   31   22   42   34
   6   -96.720    28.209    79.953   73   52   71   66
   7   -77.400    26.828    80.163   74   53   73   68
   8  -238.178    56.103    81.247   50   38   61   55
   9  -213.575    56.226    80.825   51   40   60   54
  10  -165.980    69.646    80.573   29   20   39   30
  11  -117.840    98.463    79.901   13    6   21   18
  12  -172.719    96.883    79.876   15    9   28   22
  13   -33.547    98.349    80.541   20   10   24   15
  14    -4.832    98.386    81.029   24   13   25   13
  15  -237.562    95.275    80.832   21   14   32   24
  16  -223.046    56.344    80.981   49   37   56   53
  17  -128.851   -21.146    80.005   80   59   79   75
  18  -196.344    55.617    80.695   65   47   65   57
  19  -171.927    57.677    80.650   37   28   48   43
  20  -247.640    56.284    81.485   46   35   55   52
  21  -138.898    69.839    80.347   30   21   37   29
  22  -147.759    57.868    80.465   38   29   47   40
  23  -180.966    97.094    79.912   14    7   26   21
  24   -83.086    97.156    80.072   23   15   27   19
  25  -246.064    95.574    80.950   17   11   31   23
  26   -38.991    30.192    80.624   71   50   69   64
  27  -110.502    69.647    80.043   34   24   41   31
  28   -38.700    57.733    81.059   54   36   54   42
  29  -135.852   -21.018    80.338   79   58   78   74
  30   -25.779    29.577    80.854   72   51   70   65
  31   -61.329    57.391    80.687   57   41   58   48
  32  -252.638   -24.507    81.701   98   67   80   77
  33   -33.341    57.716    81.033   56   39   57   41
  34   -11.753    58.663    81.277   47   30   51   35
  35   -13.149    98.475    80.891   22   12   23   12
  36    -6.261    58.591    81.342   48   33   52   36
  37   -58.338    -0.507    80.478   75   54   75   69
  38  -256.806   169.797    80.374    4    0    5    4
  39  -187.679    55.257    78.949   66   48   66   58
  40  -139.289    57.554    78.645   44   32   50   44
  41  -106.127    56.447    78.509   62   46   64   51
  42  -163.463    57.425    78.825   42   31   49   46
  43   -82.924    70.029    80.308   33   23   40   28
  44   -76.839    58.400    78.749   39   27   46   39
  45   -52.680    57.270    79.157   59   43   59   47
  46   -24.648    57.447    79.385   61   42   62   45
  47  -129.538    98.608    78.505   11    5   20   17
  48     2.300    58.368    79.967   52   34   53   37
  49   -88.557    58.404    78.903   40   26   45   38
  50  -122.397   -19.546    79.748   78   56   77   73
  51   -75.431    96.775    78.182   26   16   29   20
  52   -50.770    -0.834    78.899   77   55   76   70
  53  -119.282    56.539    78.494   58   45   63   50
  54   -54.544    70.029    80.789   35   25   43   27
  55   -44.262    98.514    77.762   19    8   22   14
  56    16.224   170.206    80.928    5    1    4    1
  57   -29.814    70.886    80.930   32   19   35   26
  58  -266.233   -36.340    18.104   99   74   81  106
  59  -128.655   -24.468    62.653   81   69   82   98
  60  -114.729    56.823    80.151   55   44   -1   49
  61  -126.346   -28.426    80.478  101   70   -1  104
  62  -271.625   173.795    80.421    0   -1    2    2
  63   -20.626   -15.914    -9.170   76   65   -1  102
  64    -3.109   173.944    79.307    1   -1    3    0
  65  -297.220    35.296    20.795   -1   49   67   67
  66  -288.160    95.453    50.862   10   -1   30   25
  67    19.345   -33.681    49.102  100   71   -1  109
  68  -241.567   -30.802    48.852   97   73   -1   76
  69  -264.226   -24.975    25.586  105   68   -1   81
  70    20.550   138.565    81.117    7    2   11   -1
