72
   0    0    -35.000    136.933     81.091 4
   1    1     -3.314    136.953     81.370 4
   2    2   -237.197     71.722     82.043 4
   3    3   -233.839     58.422     82.270 4
   4    5   -212.378     71.946     82.054 4
  10    9   -168.454     99.497     80.928 4
   8    8   -187.408     71.689     81.187 4
   9   10    -92.121     31.028     81.943 4
  -1   -2    -19.469     60.551     81.788 4
  13   11    -72.768     29.695     81.841 4
  14   12   -233.395     97.660     81.767 4
  16   14   -161.562     72.217     81.387 4
  15   13     -0.495    101.404     81.669 4
  18   15   -124.033    -18.412     83.026 4
  17   16   -191.900     58.071     81.579 4
  22   17   -243.247     58.615     82.330 4
  19   18   -218.660     58.811     82.207 4
  20   20   -143.258     60.486     81.157 4
  21   19   -167.476     60.248     81.574 4
  24   22    -78.790     99.993     81.395 4
  23   21   -176.703     99.690     80.835 4
  26   24   -241.864     97.915     81.750 4
  25   23   -134.470     72.497     80.766 4
  27   25   -131.104    -18.303     83.294 4
  28   26    -34.122     60.738     81.868 4
  29   27    -56.805     60.300     82.060 4
  30   29    -28.753     60.731     81.784 4
  31   28     -8.792    101.479     81.530 4
  32   30     -7.214     61.699     82.022 4
  33   31   -106.111     72.423     80.974 4
  35   33    -53.602      2.450     81.820 4
  34   32    -34.312     33.151     82.071 4
  -1   -2   -113.631     59.294     79.848 4
  36   34   -159.052     59.995     79.794 4
  37   35   -134.840     60.219     79.377 4
  38   36   -183.294     57.743     79.792 4
  -1   -2   -209.997     58.531     80.341 4
  39   37   -101.739     59.240     79.692 4
  41   38    -48.220     60.192     80.391 4
  40   39    -72.394     61.268     80.287 4
  42   43    -78.470     72.875     81.920 4
  -1   -2   -114.428    101.121     78.851 4
  -1   -2    -71.164     99.664     79.699 4
  -1   -2    -46.016      2.178     80.125 4
  43   42   -117.652    -16.769     82.861 4
  -1   -2    -29.965    101.223     79.660 4
  -1   -2      5.405    169.673     80.572 4
  48   48   -124.618    101.494     77.532 4
  -1   -2   -262.776    160.494     78.340 4
  -1   -2    -83.444     61.398     79.243 4
  50   50    -39.931    101.485     78.921 4
  53   52    -50.064     72.955     82.036 4
  52   51      3.610     61.547     71.587 4
  51   53   -265.048    154.464     79.789 4
  54   54    -31.468     59.025     81.784 4
  -1   -2    -25.266     73.851     81.629 4
  -1   -2    -64.174     -1.303     77.807 4
  -1   -2     -8.321     52.630     21.580 4
  -1   -2    -29.073     31.801    -25.825 4
  -1   -2    -26.109    -15.963     -4.807 4
  -1   -2   -265.082    160.065     81.443 4
  -1   -2   -253.859    183.725     33.385 4
  -1   -2    -72.266    -15.765     17.789 4
  62   63   -122.125    -25.823     83.233 4
  -1   -2     14.227    177.707     79.704 4
  -1   -2   -295.294     96.354     27.855 4
  -1   -2   -286.545     29.113     56.792 4
  -1   -2     40.299    -35.512      3.215 4
  -1   -2   -256.937    -36.242     44.136 4
  -1   -2   -135.846    -22.816     80.782 4
  -1   -2    -64.357      7.270     78.590 4
  -1   -2    -25.542     54.247    -11.914 4
