71
   0   -2    -35.000    136.934     81.097
   1   -2     -3.314    136.954     81.355
   2   -2   -237.196     71.724     82.032
   3   -2   -233.840     58.422     82.261
  -1   -2   -209.198     58.661     82.039
   4   -2   -212.377     71.945     82.057
  -1   -2   -113.630    101.257     80.587
  -1   -2    -70.392     99.802     81.461
   6   -2   -187.410     71.692     81.196
   5   -2   -168.453     99.496     80.907
   7   -2    -92.123     31.026     81.947
   9   -2    -72.765     29.693     81.853
  10   -2   -233.388     97.658     81.766
  12   -2     -0.491    101.401     81.680
  11   -2   -161.560     72.213     81.391
  13   -2   -124.035    -18.412     83.029
  14   -2   -191.901     58.070     81.582
  15   -2   -243.249     58.613     82.321
  16   -2   -218.661     58.810     82.201
  18   -2   -167.474     60.247     81.575
  17   -2   -143.260     60.483     81.159
  20   -2   -176.704     99.693     80.839
  19   -2    -78.786     99.987     81.401
  22   -2   -134.472     72.493     80.758
  21   -2   -241.861     97.919     81.769
  23   -2   -131.097    -18.310     83.287
  24   -2    -34.118     60.733     81.866
  25   -2    -56.806     60.297     82.051
  27   -2     -8.800    101.485     81.523
  26   -2    -28.753     60.728     81.793
  28   -2     -7.214     61.693     82.022
  29   -2   -106.110     72.426     81.012
  31   -2    -34.311     33.150     82.082
  30   -2    -53.603      2.453     81.829
  33   -2   -159.052     59.994     79.785
  34   -2   -134.840     60.216     79.384
  35   -2   -183.296     57.741     79.788
  37   -2   -101.735     59.234     79.698
  38   -2    -48.229     60.191     80.396
  39   -2    -72.393     61.267     80.283
  -1   -2    -20.111     60.426     80.089
  -1   -2    -81.567     61.649     80.373
  44   -2   -117.654    -16.763     82.904
  40   -2    -78.459     72.880     81.902
  -1   -2    -46.014      2.177     80.143
  -1   -2    -29.969    101.222     79.651
  -1   -2      5.341    169.726     80.382
  -1   -2   -112.924     59.429     78.375
  47   -2   -124.621    101.491     77.528
  -1   -2   -262.768    160.518     78.403
  50   -2    -39.933    101.483     78.898
  52   -2      3.608     61.540     71.595
  51   -2    -50.069     72.962     82.062
  53   -2   -265.074    154.492     79.642
  54   -2    -31.467     59.021     81.798
  -1   -2    -63.906     -1.227     77.678
  -1   -2     -1.842     53.876     37.523
  -1   -2    -28.058     31.694    -23.112
  -1   -2     13.871    177.476     75.227
  -1   -2    -20.972     62.671     57.526
  -1   -2   -253.850    183.775     33.272
  -1   -2    -47.757    -25.457     -8.062
  -1   -2    -86.062     61.152     81.656
  63   -2   -122.139    -25.823     83.268
  -1   -2   -248.061    -22.180     82.869
  -1   -2   -106.549    -23.048     -7.888
  -1   -2     40.536    -35.437      2.414
  -1   -2   -276.863    100.385     88.431
  -1   -2   -258.907    -37.541     39.947
  -1   -2    -78.762     -1.052     29.969
  -1   -2   -136.199    -22.863     80.081
