72
  -1    0    -34.998    136.933     81.082
  -1    1     -3.314    136.959     81.353
  -1    2   -237.197     71.722     82.044
  -1    3   -233.848     58.426     82.260
  -1    4   -212.379     71.944     82.052
  -1   -2   -209.196     58.663     82.051
  -1   -2   -113.634    101.261     80.602
  -1   -2    -70.396     99.804     81.460
  -1    6   -187.413     71.693     81.202
  -1    7    -92.120     31.028     81.942
  -1    5   -168.456     99.500     80.921
  -1   -2    -29.241    101.359     81.399
  -1   -2    -19.468     60.552     81.797
  -1    9    -72.767     29.696     81.841
  -1   10   -233.394     97.658     81.767
  -1   12     -0.502    101.405     81.680
  -1   11   -161.560     72.216     81.408
  -1   14   -191.903     58.071     81.569
  -1   13   -124.042    -18.411     83.040
  -1   16   -218.659     58.810     82.202
  -1   17   -143.258     60.482     81.156
  -1   18   -167.478     60.248     81.575
  -1   15   -243.248     58.614     82.329
  -1   20   -176.707     99.691     80.842
  -1   19    -78.796     99.990     81.412
  -1   22   -134.476     72.496     80.748
  -1   21   -241.867     97.918     81.760
  -1   23   -131.107    -18.300     83.307
  -1   24    -34.121     60.737     81.870
  -1   25    -56.807     60.296     82.050
  -1   26    -28.750     60.727     81.779
  -1   27     -8.796    101.485     81.523
  -1   28     -7.212     61.699     82.016
  -1   29   -106.109     72.421     81.003
  -1   31    -34.312     33.148     82.063
  -1   30    -53.602      2.453     81.807
  -1   33   -159.056     59.994     79.804
  -1   34   -134.836     60.219     79.376
  -1   35   -183.294     57.743     79.779
  -1   37   -101.736     59.239     79.673
  -1   39    -72.400     61.271     80.284
  -1   38    -48.231     60.193     80.404
  -1   40    -78.466     72.880     81.927
  -1   44   -117.646    -16.762     82.884
  -1   -2   -110.961     59.615     79.555
  -1   -2    -85.433     61.163     80.182
  -1   -2      5.374    169.691     80.577
  -1   -2    -45.555      2.104     79.125
  -1   47   -124.622    101.492     77.551
  -1   -2   -262.770    160.490     78.374
  -1   50    -39.938    101.482     78.934
  -1   53   -265.128    154.490     79.873
  -1   52      3.612     61.548     71.578
  -1   51    -50.058     72.956     82.036
  -1   54    -31.472     59.026     81.806
  -1   -2    -36.778     61.358    -15.316
  -1   -2    -63.586     -1.200     76.558
  -1   -2     13.782    177.552     75.503
  -1   -2    -28.057     31.700    -23.161
  -1   -2   -265.192    -34.978     30.465
  -1   -2    -24.774     65.329     81.567
  -1   -2   -115.435     59.252     80.962
  -1   63   -122.129    -25.821     83.236
  -1   -2   -100.881    -26.816    -25.915
  -1   -2   -286.119    101.130     58.721
  -1   -2      2.679    172.247     72.862
  -1   -2    -74.743     -1.412     42.356
  -1   -2     22.770    -34.177     52.672
  -1   -2    -80.492     -5.164     15.061
  -1   -2   -139.599    -22.989     75.651
  -1   -2   -246.935    182.677     56.555
  -1   -2   -259.447    -40.284     83.713
