72
   1   -34.998   136.933    81.082   13    6   10   10
   2    -3.314   136.959    81.353   14    7    9    9
   3  -237.197    71.722    82.044   31   21   37   34
   4  -233.848    58.426    82.260   60   47   59   58
   5  -212.379    71.944    82.052   32   22   36   33
   6  -209.196    58.663    82.051   59   46   58   57
   7  -113.634   101.261    80.602   18    9   19   19
   8   -70.396    99.804    81.460   30   19   27   22
   9  -187.413    71.693    81.202   36   27   38   35
  10   -92.120    31.028    81.942   75   55   66   68
  11  -168.456    99.500    80.921   21   13   28   24
  12   -29.241   101.359    81.399   24   12   22   16
  13   -19.468    60.552    81.797   64   43   50   44
  14   -72.767    29.696    81.841   76   57   67   69
  15  -233.394    97.658    81.767   29   18   30   26
  16    -0.502   101.405    81.680   27   15   23   14
  17  -161.560    72.216    81.408   34   23   34   32
  18  -191.903    58.071    81.569   68   50   61   59
  19  -124.042   -18.411    83.040   83   64   76   79
  20  -218.659    58.810    82.202   56   45   54   55
  21  -143.258    60.482    81.156   44   36   43   45
  22  -167.478    60.248    81.575   45   35   44   49
  23  -243.248    58.614    82.329   54   44   55   56
  24  -176.707    99.691    80.842   19   11   26   23
  25   -78.796    99.990    81.412   28   17   25   21
  26  -134.476    72.496    80.748   33   24   31   31
  27  -241.867    97.918    81.760   25   16   29   25
  28  -131.107   -18.300    83.307   82   63   75   78
  29   -34.121    60.737    81.870   55   39   48   42
  30   -56.807    60.296    82.050   58   41   51   47
  31   -28.750    60.727    81.779   57   40   49   43
  32    -8.796   101.485    81.523   26   14   21   13
  33    -7.212    61.699    82.016   50   32   41   36
  34  -106.109    72.421    81.003   38   28   35   30
  35   -34.312    33.148    82.063   73   53   64   66
  36   -53.602     2.453    81.807   78   59   70   73
  37  -159.056    59.994    79.804   49   37   47   50
  38  -134.836    60.219    79.376   46   38   45   48
  39  -183.294    57.743    79.779   70   52   63   60
  40  -101.736    59.239    79.673   66   49   57   52
  41   -72.400    61.271    80.284   41   30   40   40
  42   -48.231    60.193    80.404   62   42   52   46
  43   -78.466    72.880    81.927   37   25   32   29
  44  -117.646   -16.762    82.884   81   62   74   77
  45  -110.961    59.615    79.555   61   48   53   51
  46   -85.433    61.163    80.182   43   31   39   41
  47     5.374   169.691    80.577    9    2    5    3
  48   -45.555     2.104    79.125   80   60   71   74
  49  -124.622   101.492    77.551   17    8   18   18
  50  -262.770   160.490    78.374   10    4    6    4
  51   -39.938   101.482    78.934   22   10   20   15
  52  -265.128   154.490    79.873   11    5    7    6
  53     3.612    61.548    71.578   51   33   46   37
  54   -50.058    72.956    82.036   39   26   33   28
  55   -31.472    59.026    81.806   72   51   62   54
  56   -36.778    61.358   -15.316   40   29   42   38
  57   -63.586    -1.200    76.558   77   61   73   75
  58    13.782   177.552    75.503    3    0    4    1
  59   -28.057    31.700   -23.161   42   58   65   67
  60  -265.192   -34.978    30.465   85   87   77   86
  61   -24.774    65.329    81.567   63   20   60   27
  62  -115.435    59.252    80.962   65   -1   56   53
  63  -122.129   -25.821    83.236   90   81   -1   82
  64  -100.881   -26.816   -25.915   87   80   72   -1
  65  -286.119   101.130    58.721   15   -1   17   12
  66     2.679   172.247    72.862    6    1   -1    2
  67   -74.743    -1.412    42.356   -1   66   68   71
  68    22.770   -34.177    52.672   86   85   -1   83
  69   -80.492    -5.164    15.061   -1   67   69   76
  70  -139.599   -22.989    75.651   89   70   78   -1
  71  -246.935   182.677    56.555    1   -1    2    0
  72  -259.447   -40.284    83.713   -1   86   -1   84
