72
   1   -35.000   136.933    81.091   12    6   12   10
   2    -3.314   136.953    81.370   13    7   11    9
   3  -237.197    71.722    82.043   33   21   40   36
   4  -233.839    58.422    82.270   63   46   62   60
   5  -212.378    71.946    82.054   34   22   39   35
   6  -168.454    99.497    80.928   21   13   30   24
   7  -187.408    71.689    81.187   38   27   41   37
   8   -92.121    31.028    81.943   78   54   68   68
   9   -19.469    60.551    81.788   67   42   53   46
  10   -72.768    29.695    81.841   79   56   69   69
  11  -233.395    97.660    81.767   30   18   32   26
  12  -161.562    72.217    81.387   36   23   37   34
  13    -0.495   101.404    81.669   28   15   25   14
  14  -124.033   -18.412    83.026   86   65   78   77
  15  -191.900    58.071    81.579   71   49   63   61
  16  -243.247    58.615    82.330   56   43   58   58
  17  -218.660    58.811    82.207   58   44   57   57
  18  -143.258    60.486    81.157   46   35   46   47
  19  -167.476    60.248    81.574   47   34   47   51
  20   -78.790    99.993    81.395   29   17   27   21
  21  -176.703    99.690    80.835   19   11   28   23
  22  -241.864    97.915    81.750   26   16   31   25
  23  -134.470    72.497    80.766   35   24   34   33
  24  -131.104   -18.303    83.294   85   64   77   76
  25   -34.122    60.738    81.868   57   38   51   44
  26   -56.805    60.300    82.060   60   40   54   49
  27   -28.753    60.731    81.784   59   39   52   45
  28    -8.792   101.479    81.530   27   14   23   13
  29    -7.214    61.699    82.022   52   31   44   38
  30  -106.111    72.423    80.974   40   28   38   32
  31   -53.602     2.450    81.820   80   60   73   72
  32   -34.312    33.151    82.071   76   52   66   66
  33  -113.631    59.294    79.848   68   47   56   54
  34  -159.052    59.995    79.794   51   36   50   52
  35  -134.840    60.219    79.377   48   37   48   50
  36  -183.294    57.743    79.792   73   51   65   62
  37  -209.997    58.531    80.341   62   45   60   59
  38  -101.739    59.240    79.692   69   48   59   55
  39   -48.220    60.192    80.391   65   41   55   48
  40   -72.394    61.268    80.287   43   30   43   42
  41   -78.470    72.875    81.920   39   25   35   31
  42  -114.428   101.121    78.851   18    9   21   19
  43   -71.164    99.664    79.699   32   19   29   22
  44   -46.016     2.178    80.125   83   61   74   73
  45  -117.652   -16.769    82.861   84   63   76   75
  46   -29.965   101.223    79.660   25   12   24   16
  47     5.405   169.673    80.572    8    1    5    4
  48  -124.618   101.494    77.532   16    8   20   18
  49  -262.776   160.494    78.340    9    3    6    5
  50   -83.444    61.398    79.243   45   29   42   41
  51   -39.931   101.485    78.921   22   10   22   15
  52   -50.064    72.955    82.036   41   26   36   30
  53     3.610    61.547    71.587   53   32   49   40
  54  -265.048   154.464    79.789   10    4    8    7
  55   -31.468    59.025    81.784   75   50   64   56
  56   -25.266    73.851    81.629   37   20   33   29
  57   -64.174    -1.303    77.807   82   62   75   74
  58    -8.321    52.630    21.580   66   53   45   39
  59   -29.073    31.801   -25.825   44   59   67   67
  60   -26.109   -15.963    -4.807   81   67   81   79
  61  -265.082   160.065    81.443    7    2    7    6
  62  -253.859   183.725    33.385    0    0    2    0
  63   -72.266   -15.765    17.789   92   68   71   78
  64  -122.125   -25.823    83.233   94   86   -1   81
  65    14.227   177.707    79.704    3   -1    4    2
  66  -295.294    96.354    27.855   14   -1   19   28
  67  -286.545    29.113    56.792   -1   55   70   70
  68    40.299   -35.512     3.215   90   90   -1   86
  69  -256.937   -36.242    44.136   88   91   -1   84
  70  -135.846   -22.816    80.782   93   71   79   -1
  71   -64.357     7.270    78.590   -1   57   72   71
  72   -25.542    54.247   -11.914   42   -1   61   53
