71
   1   -35.000   136.934    81.097   14    7   10   13
   2    -3.314   136.954    81.355   15    8    9   12
   3  -237.196    71.724    82.032   33   22   38   38
   4  -233.840    58.422    82.261   62   47   60   63
   5  -209.198    58.661    82.039   61   46   59   62
   6  -212.377    71.945    82.057   34   23   37   37
   7  -113.630   101.257    80.587   19   10   19   23
   8   -70.392    99.802    81.461   32   19   27   26
   9  -187.410    71.692    81.196   38   28   39   39
  10  -168.453    99.496    80.907   22   15   28   28
  11   -92.123    31.026    81.947   78   55   67   71
  12   -72.765    29.693    81.853   79   57   68   72
  13  -233.388    97.658    81.766   31   20   30   30
  14    -0.491   101.401    81.680   29   16   23   18
  15  -161.560    72.213    81.391   36   24   35   36
  16  -124.035   -18.412    83.029   86   64   76   80
  17  -191.901    58.070    81.582   71   50   62   64
  18  -243.249    58.613    82.321   56   44   57   61
  19  -218.661    58.810    82.201   58   45   56   60
  20  -167.474    60.247    81.575   47   35   46   53
  21  -143.260    60.483    81.159   46   36   45   49
  22  -176.704    99.693    80.839   20   12   26   27
  23   -78.786    99.987    81.401   30   18   25   25
  24  -134.472    72.493    80.758   35   25   32   35
  25  -241.861    97.919    81.769   27   17   29   29
  26  -131.097   -18.310    83.287   85   63   75   79
  27   -34.118    60.733    81.866   57   39   50   47
  28   -56.806    60.297    82.051   60   41   53   51
  29    -8.800   101.485    81.523   28   14   21   17
  30   -28.753    60.728    81.793   59   40   51   46
  31    -7.214    61.693    82.022   52   32   43   40
  32  -106.110    72.426    81.012   40   29   36   34
  33   -34.311    33.150    82.082   76   53   65   69
  34   -53.603     2.453    81.829   80   59   71   75
  35  -159.052    59.994    79.785   49   37   49   54
  36  -134.840    60.216    79.384   48   38   47   52
  37  -183.296    57.741    79.788   73   52   64   65
  38  -101.735    59.234    79.698   69   49   58   57
  39   -48.229    60.191    80.396   64   42   54   50
  40   -72.393    61.267    80.283   43   31   41   44
  41   -20.111    60.426    80.089   66   43   52   48
  42   -81.567    61.649    80.373   42   30   40   43
  43  -117.654   -16.763    82.904   84   62   74   78
  44   -78.459    72.880    81.902   39   26   33   33
  45   -46.014     2.177    80.143   83   60   72   76
  46   -29.969   101.222    79.651   26   13   22   20
  47     5.341   169.726    80.382    8    2    5    3
  48  -112.924    59.429    78.375   68   48   55   56
  49  -124.621   101.491    77.528   18    9   18   22
  50  -262.768   160.518    78.403   11    4    6    5
  51   -39.933   101.483    78.898   23   11   20   19
  52     3.608    61.540    71.595   53   33   48   42
  53   -50.069    72.962    82.062   41   27   34   32
  54  -265.074   154.492    79.642   12    5    7    8
  55   -31.467    59.021    81.798   75   51   63   59
  56   -63.906    -1.227    77.678   82   61   73   77
  57    -1.842    53.876    37.523   67   54   44   41
  58   -28.058    31.694   -23.112   44   58   66   70
  59    13.871   177.476    75.227    4    0    4    1
  60   -20.972    62.671    57.526   65   21   61   55
  61  -253.850   183.775    33.272    0    1    2    0
  62   -47.757   -25.457    -8.062   91   66   78   83
  63   -86.062    61.152    81.656   45   -1   42   45
  64  -122.139   -25.823    83.268   94   86   -1   86
  65  -248.061   -22.180    82.869   89   84   -1   81
  66  -106.549   -23.048    -7.888   92   85   69   -1
  67    40.536   -35.437     2.414   90   88   -1   92
  68  -276.863   100.385    88.431   16   -1   31   14
  69  -258.907   -37.541    39.947   88   91   -1   91
  70   -78.762    -1.052    29.969   -1   68   70   74
  71  -136.199   -22.863    80.081   93   71   77   -1
