72
   1   -34.997   136.933    81.082   12    6   10   10
   2    -3.315   136.957    81.361   13    7    9    9
   3  -237.196    71.723    82.042   33   21   37   34
   4  -233.849    58.425    82.263   63   47   59   58
   5  -212.378    71.945    82.050   34   22   36   33
   6  -187.417    71.693    81.189   38   27   38   35
   7  -168.456    99.500    80.920   21   13   28   24
   8   -92.122    31.029    81.936   78   55   66   68
   9   -19.469    60.551    81.803   67   43   50   44
  10   -72.767    29.696    81.843   79   57   67   69
  11  -233.395    97.658    81.766   30   18   30   26
  12    -0.503   101.405    81.678   28   15   23   14
  13  -161.560    72.217    81.402   36   23   34   32
  14  -191.904    58.071    81.568   71   50   61   59
  15  -218.657    58.811    82.202   58   45   54   55
  16  -124.040   -18.410    83.042   86   64   76   79
  17  -143.258    60.482    81.152   46   36   43   45
  18  -243.247    58.615    82.327   56   44   55   56
  19  -167.479    60.247    81.574   47   35   44   49
  20   -78.793    99.993    81.404   29   17   25   21
  21  -176.706    99.693    80.834   19   11   26   23
  22  -134.475    72.497    80.748   35   24   31   31
  23  -241.868    97.919    81.752   26   16   29   25
  24  -131.105   -18.299    83.307   85   63   75   78
  25   -34.120    60.739    81.863   57   39   48   42
  26   -56.807    60.295    82.055   60   41   51   47
  27   -28.750    60.727    81.779   59   40   49   43
  28    -8.796   101.485    81.527   27   14   21   13
  29    -7.215    61.697    82.017   52   32   41   36
  30  -106.110    72.422    80.996   40   28   35   30
  31   -34.308    33.149    82.068   76   53   64   66
  32   -53.602     2.452    81.812   80   59   70   73
  33  -159.058    59.994    79.800   51   37   47   50
  34  -134.837    60.219    79.375   48   38   45   48
  35  -183.298    57.741    79.778   73   52   63   60
  36  -210.003    58.531    80.349   62   46   58   57
  37  -101.736    59.238    79.676   69   49   57   52
  38   -48.230    60.193    80.407   65   42   52   46
  39   -72.402    61.269    80.292   43   30   40   40
  40  -114.436   101.123    78.865   18    9   19   19
  41   -71.164    99.667    79.702   32   19   27   22
  42   -78.467    72.879    81.927   39   25   32   29
  43  -117.649   -16.763    82.885   84   62   74   77
  44  -110.961    59.613    79.561   64   48   53   51
  45   -29.965   101.224    79.666   25   12   22   16
  46   -85.436    61.161    80.186   45   31   39   41
  47     5.369   169.689    80.573    8    2    5    3
  48  -262.765   160.501    78.336    9    4    6    4
  49  -124.619   101.496    77.542   16    8   18   18
  50   -45.556     2.104    79.127   83   60   71   74
  51   -39.934   101.486    78.923   22   10   20   15
  52  -265.128   154.485    79.892   10    5    7    6
  53     3.613    61.549    71.576   53   33   46   37
  54   -50.055    72.957    82.038   41   26   33   28
  55   -31.473    59.025    81.807   75   51   62   54
  56   -36.781    61.356   -15.308   42   29   42   38
  57   -63.621    -1.248    76.804   82   61   73   75
  58    13.786   177.550    75.531    3    0    4    1
  59   -28.056    31.699   -23.151   44   58   65   67
  60  -265.190   -34.980    30.486   88   87   77   86
  61   -24.776    65.328    81.569   66   20   60   27
  62  -115.434    59.248    80.970   68   -1   56   53
  63  -122.123   -25.820    83.243   94   81   -1   82
  64  -100.885   -26.819   -25.909   91   80   72   -1
  65  -286.116   101.112    58.742   14   -1   17   12
  66     2.662   172.242    72.864    5    1   -1    2
  67   -74.743    -1.412    42.356   -1   66   68   71
  68    22.879   -34.153    52.713   90   85   -1   83
  69   -80.492    -5.164    15.061   -1   67   69   76
  70  -139.604   -22.992    75.663   93   70   78   -1
  71  -247.983   184.619    52.190    0   -1    2    0
  72  -259.447   -40.284    83.713   -1   86   -1   84
