100
   0    0    -36.885    137.373    -38.335 4
   3    2     -9.283     62.474    -37.349 4
   2    1   -238.244     72.498    -36.788 4
   4    5      2.357     62.234    -36.931 4
   6    4     -5.390    137.383    -38.094 4
   7    8    -18.794     61.300    -37.604 4
   1    3     -3.744     62.435    -37.159 4
   5    6      8.036     62.260    -36.684 4
   8    7    -74.571     30.653    -37.411 4
  10    9   -213.531     72.726    -36.876 4
   9   10    -24.440     61.276    -37.608 4
  12   11    -93.832     31.969    -37.284 4
  11   12    -46.649     61.085    -37.415 4
  13   13    -36.062     61.525    -37.532 4
  14   14    -30.751     61.522    -37.616 4
  16   16    -52.359     61.042    -37.329 4
  15   15    -70.763     62.161    -37.402 4
  17   17   -188.675     72.467    -37.785 4
  21   19    -76.485     62.119    -37.416 4
  19   20    -99.907     60.154    -37.880 4
  18   18   -242.875     98.583    -37.100 4
  -1   -2    -23.121     33.445    -36.968 4
  23   22   -105.622     60.110    -38.010 4
  20   21    -29.613    101.992    -38.141 4
  22   24   -168.207    100.178    -38.230 4
  24   23    -70.583    100.455    -38.004 4
  27   28   -213.339     59.424    -36.766 4
  29   26   -207.651     59.475    -36.859 4
  26   25    -58.654     61.090    -37.339 4
  28   27    -36.283     34.060    -37.245 4
  33   35   -113.635    101.921    -38.723 4
  32   31     -1.001    102.044    -37.740 4
  39   29   -132.877     61.136    -38.127 4
  31   32   -156.937     60.924    -37.738 4
  30   33    -82.786     62.390    -37.417 4
  38   38   -186.755     58.638    -37.504 4
  36   37   -162.660     60.879    -37.571 4
  37   36   -138.581     61.087    -38.058 4
  40   39   -181.025     58.683    -37.524 4
  43   42    -45.559      3.500    -37.492 4
  41   43   -162.931     72.977    -37.754 4
  45   44   -244.240     59.454    -36.441 4
  42   45    -39.507    102.223    -38.036 4
  44   41   -219.756     59.649    -36.668 4
  47   46   -177.996    100.330    -38.281 4
  46   47   -111.935     60.368    -38.080 4
  50   51    -80.541    100.601    -38.012 4
  49   49   -193.120     58.907    -37.369 4
  51   48   -117.198     60.226    -38.129 4
  56   53   -144.722     61.301    -37.992 4
  54   50    -10.862    102.065    -37.972 4
  52   52   -123.527    102.154    -38.790 4
  55   54   -128.848    102.003    -38.778 4
  53   57    -55.469      3.521    -37.507 4
  57   56   -125.703    -17.213    -36.066 4
  58   55   -168.813     61.070    -37.484 4
  -1   -2    -44.747    101.986    -38.012 4
  59   59   -135.978     73.254    -38.495 4
  60   58    -34.421    101.782    -38.099 4
  61   60   -173.037     99.953    -38.267 4
  63   62    -75.413    100.247    -38.010 4
  62   61     -5.743    101.815    -37.886 4
  64   64   -118.402    101.701    -38.771 4
  65   63    -50.367      3.271    -37.510 4
  66   65   -107.738     73.170    -38.320 4
  68   66   -135.186    -24.483    -35.364 4
  -1   -2    -87.937     62.078    -37.460 4
  67   68   -131.734    -24.444    -35.688 4
  73   71    -80.242     73.621    -37.431 4
  72   69    -67.629      3.556    -37.176 4
  74   73     -6.639     60.774    -37.314 4
  -1   -2      3.245    170.065    -39.294 4
  -1   -2   -122.700    -24.550    -36.953 4
  -1   -2   -233.720     98.333    -37.294 4
  -1   -2   -232.962     59.329    -38.217 4
  75   75    -33.442     59.812    -37.632 4
  78   77   -119.279    -15.604    -36.366 4
  77   78    -51.951     73.679    -37.359 4
  -1   -2   -266.074    154.897    -39.103 4
  -1   -2    -42.213    100.491    -37.975 4
  81   80   -114.594     58.654    -38.067 4
  82   81   -126.191    100.422    -38.798 4
  -1   -2   -263.653    160.827    -40.240 4
  -1   -2     11.929    178.034    -39.713 4
  84   84    -27.284     74.551    -37.840 4
  86   85   -130.062    -19.059    -35.883 4
  -1   -2   -266.545    164.172    -38.285 4
  -1   -2   -268.661    166.671    -38.050 4
  -1   -2   -261.682    175.153    -36.735 4
  -1   -2   -255.687    -35.561    -28.787 4
  90   90      1.412    -31.121    -27.863 4
  -1   -2   -272.145    168.481    -65.413 4
  -1   -2   -248.214    182.302    -38.043 4
  -1   -2     22.041    -28.506    -25.299 4
  -1   -2   -261.100    180.336      1.688 4
  -1   -2   -237.875     59.235    -36.364 4
  -1   -2   -126.833    -24.780    -35.754 4
  80   96    -85.522     60.701    -37.428 4
  -1   -2   -265.327    -41.947    -35.925 4
  -1   -2     14.908    -33.206    -70.236 4
