99
  -1    0    -36.882    137.374    -38.326 4
  -1    6     -3.740     62.437    -37.180 4
  -1    2   -238.241     72.500    -36.781 4
  -1    1     -9.281     62.476    -37.376 4
  -1    3      2.361     62.232    -36.922 4
  -1    7      8.040     62.260    -36.687 4
  -1    4     -5.392    137.388    -38.089 4
  -1    5    -18.794     61.303    -37.597 4
  -1    8    -74.560     30.650    -37.409 4
  -1   10    -24.437     61.277    -37.611 4
  -1    9   -213.528     72.729    -36.874 4
  -1   12    -46.646     61.087    -37.414 4
  -1   11    -93.830     31.974    -37.283 4
  -1   13    -36.060     61.524    -37.535 4
  -1   14    -30.747     61.519    -37.607 4
  -1   16    -70.758     62.164    -37.395 4
  -1   15    -52.357     61.042    -37.337 4
  -1   17   -188.675     72.475    -37.794 4
  -1   20   -242.869     98.585    -37.101 4
  -1   19    -99.904     60.161    -37.878 4
  -1   23    -29.605    101.996    -38.150 4
  -1   18    -76.478     62.121    -37.401 4
  -1   24   -168.204    100.182    -38.239 4
  -1   22   -105.613     60.112    -38.012 4
  -1   25    -70.582    100.458    -38.013 4
  -1   -2    -23.114     33.455    -37.012 4
  -1   28    -58.649     61.090    -37.346 4
  -1   26   -213.337     59.428    -36.783 4
  -1   29    -36.279     34.064    -37.244 4
  -1   27   -207.647     59.480    -36.867 4
  -1   34    -82.780     62.394    -37.417 4
  -1   33   -156.932     60.925    -37.727 4
  -1   31     -0.998    102.043    -37.733 4
  -1   30   -113.632    101.924    -38.732 4
  -1   -2   -232.187     59.236    -36.539 4
  -1   -2   -237.880     59.195    -36.546 4
  -1   36   -162.658     60.883    -37.578 4
  -1   37   -138.580     61.091    -38.060 4
  -1   35   -186.752     58.641    -37.509 4
  -1   32   -132.871     61.139    -38.130 4
  -1   38   -181.022     58.685    -37.524 4
  -1   40   -162.929     72.980    -37.749 4
  -1   42    -39.498    102.227    -38.036 4
  -1   39    -45.553      3.502    -37.499 4
  -1   43   -219.754     59.653    -36.665 4
  -1   41   -244.236     59.456    -36.442 4
  -1   45   -111.931     60.368    -38.093 4
  -1   44   -177.992    100.334    -38.284 4
  -1   -2    -88.025     62.130    -37.480 4
  -1   47   -193.118     58.910    -37.356 4
  -1   46    -80.537    100.608    -38.007 4
  -1   48   -117.195     60.229    -38.120 4
  -1   51   -123.522    102.156    -38.778 4
  -1   53    -55.472      3.525    -37.503 4
  -1   50    -10.855    102.066    -37.985 4
  -1   52   -128.845    102.004    -38.783 4
  -1   49   -144.721     61.307    -37.998 4
  -1   54   -125.703    -17.211    -36.061 4
  -1   55   -168.810     61.071    -37.497 4
  -1   57   -135.967     73.255    -38.478 4
  -1   58    -34.412    101.790    -38.112 4
  -1   59   -173.034     99.956    -38.271 4
  -1   61     -5.742    101.813    -37.912 4
  -1   60    -75.412    100.247    -37.999 4
  -1   62   -118.401    101.699    -38.764 4
  -1   63    -50.364      3.273    -37.514 4
  -1   64   -107.734     73.173    -38.302 4
  -1   67   -131.731    -24.442    -35.675 4
  -1   65   -135.175    -24.478    -35.379 4
  -1   -2    -44.611    101.922    -38.259 4
  -1   -2      3.267    170.081    -39.264 4
  -1   -2   -233.343     98.432    -38.221 4
  -1   69    -67.533      3.511    -37.238 4
  -1   68    -80.233     73.620    -37.453 4
  -1   70     -6.636     60.774    -37.299 4
  -1   75    -33.434     59.816    -37.618 4
  -1   -2   -122.747    -24.584    -35.188 4
  -1   77    -51.947     73.688    -37.355 4
  -1   76   -119.277    -15.600    -36.366 4
  -1   -2   -266.031    154.897    -39.187 4
  -1   97    -85.466     60.669    -37.470 4
  -1   80   -114.591     58.658    -38.069 4
  -1   81   -126.183    100.423    -38.795 4
  -1   -2   -263.667    160.835    -40.363 4
  -1   84    -27.276     74.563    -37.830 4
  -1   -2     11.929    178.035    -39.598 4
  -1   85   -130.051    -19.058    -35.888 4
  -1   -2   -263.477    154.041    -29.498 4
  -1   -2   -267.045    165.935    -46.655 4
  -1   -2   -271.552    170.774    -55.021 4
  -1   90      1.376    -31.206    -28.054 4
  -1   -2   -251.697    182.486    -64.908 4
  -1   -2   -264.820    162.439    -36.867 4
  -1   -2   -237.707     98.176    -37.029 4
  -1   -2   -126.633    -24.816    -35.800 4
  -1   -2   -262.760    -41.429    -42.125 4
  -1   -2   -260.031    -39.185    -32.923 4
  -1   -2     -1.290    170.623    -29.476 4
  -1   -2   -262.883    182.172     30.799 4
