102
   0   -2    -36.894    137.371    -38.341 4
   2   -2   -238.248     72.496    -36.768 4
   1   -2     -9.286     62.472    -37.361 4
   6   -2     -3.752     62.429    -37.176 4
   4   -2     -5.397    137.384    -38.088 4
   3   -2      2.355     62.228    -36.919 4
   7   -2      8.034     62.258    -36.685 4
   8   -2    -74.569     30.647    -37.417 4
   5   -2    -18.798     61.296    -37.597 4
   9   -2   -213.533     72.723    -36.887 4
  10   -2    -24.441     61.272    -37.609 4
  11   -2    -93.837     31.968    -37.280 4
  12   -2    -46.653     61.080    -37.399 4
  13   -2    -36.064     61.520    -37.532 4
  14   -2    -30.754     61.515    -37.613 4
  16   -2    -70.764     62.158    -37.402 4
  15   -2    -52.364     61.040    -37.315 4
  17   -2   -188.673     72.467    -37.790 4
  20   -2   -242.873     98.580    -37.083 4
  18   -2    -76.486     62.115    -37.397 4
  19   -2    -99.910     60.155    -37.878 4
  23   -2    -29.615    101.989    -38.124 4
  22   -2   -105.626     60.107    -38.005 4
  25   -2    -70.592    100.450    -37.989 4
  24   -2   -168.205    100.175    -38.214 4
  28   -2    -58.658     61.083    -37.322 4
  27   -2   -207.653     59.472    -36.850 4
  29   -2    -36.288     34.059    -37.228 4
  26   -2   -213.343     59.420    -36.779 4
  32   -2   -132.879     61.134    -38.122 4
  -1   -2    -23.116     33.448    -37.014 4
  31   -2     -0.998    102.039    -37.728 4
  33   -2   -156.941     60.920    -37.723 4
  34   -2    -82.788     62.389    -37.399 4
  -1   -2   -232.191     59.230    -36.530 4
  30   -2   -113.640    101.919    -38.715 4
  37   -2   -138.589     61.083    -38.054 4
  36   -2   -162.663     60.874    -37.560 4
  35   -2   -186.755     58.635    -37.498 4
  38   -2   -181.033     58.679    -37.529 4
  -1   -2   -237.880     59.188    -36.536 4
  43   -2   -219.760     59.645    -36.655 4
  39   -2    -45.557      3.494    -37.496 4
  40   -2   -162.934     72.972    -37.739 4
  41   -2   -244.240     59.451    -36.424 4
  42   -2    -39.510    102.222    -38.024 4
  44   -2   -177.998    100.324    -38.291 4
  45   -2   -111.937     60.360    -38.079 4
  48   -2   -117.202     60.224    -38.106 4
  47   -2   -193.124     58.904    -37.351 4
  50   -2    -10.867    102.062    -37.972 4
  46   -2    -80.546    100.599    -38.004 4
  51   -2   -123.534    102.148    -38.777 4
  49   -2   -144.725     61.297    -37.988 4
  52   -2   -128.851    101.998    -38.779 4
  55   -2   -168.817     61.068    -37.481 4
  54   -2   -125.707    -17.214    -36.064 4
  53   -2    -55.473      3.519    -37.504 4
  58   -2    -34.423    101.782    -38.099 4
  57   -2   -135.973     73.247    -38.473 4
  59   -2   -173.040     99.951    -38.268 4
  61   -2     -5.751    101.811    -37.878 4
  60   -2    -75.421    100.243    -38.009 4
  63   -2    -50.372      3.267    -37.520 4
  62   -2   -118.411    101.693    -38.769 4
  64   -2   -107.739     73.164    -38.303 4
  65   -2   -135.183    -24.483    -35.345 4
  -1   -2    -87.942     62.078    -37.446 4
  67   -2   -131.735    -24.447    -35.669 4
  69   -2    -67.646      3.530    -37.046 4
  -1   -2    -44.660    101.934    -37.975 4
  68   -2    -80.242     73.615    -37.407 4
  -1   -2      3.291    170.058    -39.266 4
  70   -2     -6.646     60.773    -37.313 4
  -1   -2   -233.723     98.327    -37.285 4
  75   -2    -33.445     59.806    -37.629 4
  -1   -2   -122.754    -24.590    -35.184 4
  76   -2   -119.281    -15.609    -36.376 4
  77   -2    -51.956     73.684    -37.374 4
  -1   -2   -266.073    154.886    -39.120 4
  80   -2   -114.602     58.653    -38.057 4
  81   -2   -126.193    100.422    -38.787 4
  -1   -2   -263.677    160.819    -40.295 4
  -1   -2     11.908    178.034    -39.669 4
  84   -2    -27.285     74.549    -37.843 4
  85   -2   -130.060    -19.063    -35.897 4
  -1   -2   -262.041    170.408    -37.905 4
  -1   -2   -268.810    166.731    -38.100 4
  -1   -2   -255.621    -35.496    -28.601 4
  -1   -2   -264.044    162.032    -33.864 4
  90   -2      1.440    -31.042    -27.698 4
  -1   -2   -247.466    183.482    -41.083 4
  -1   -2   -270.453    170.762    -68.639 4
  -1   -2     22.757    -28.598    -27.402 4
  -1   -2   -257.683    149.715    -37.373 4
  -1   -2   -126.641    -24.823    -35.787 4
  97   -2    -85.527     60.697    -37.418 4
  -1   -2    -42.243    100.515    -37.945 4
  -1   -2   -265.286    -41.932    -35.990 4
  -1   -2     -2.608    170.999    -38.217 4
  -1   -2   -261.157    188.471      5.350 4
  -1   -2   -273.133    161.284      5.220 4
