99
  -1    0    -36.882    137.374    -38.326
  -1    6     -3.740     62.437    -37.180
  -1    2   -238.241     72.500    -36.781
  -1    1     -9.281     62.476    -37.376
  -1    3      2.361     62.232    -36.922
  -1    7      8.040     62.260    -36.687
  -1    4     -5.392    137.388    -38.089
  -1    5    -18.794     61.303    -37.597
  -1    8    -74.560     30.650    -37.409
  -1   10    -24.437     61.277    -37.611
  -1    9   -213.528     72.729    -36.874
  -1   12    -46.646     61.087    -37.414
  -1   11    -93.830     31.974    -37.283
  -1   13    -36.060     61.524    -37.535
  -1   14    -30.747     61.519    -37.607
  -1   16    -70.758     62.164    -37.395
  -1   15    -52.357     61.042    -37.337
  -1   17   -188.675     72.475    -37.794
  -1   20   -242.869     98.585    -37.101
  -1   19    -99.904     60.161    -37.878
  -1   23    -29.605    101.996    -38.150
  -1   18    -76.478     62.121    -37.401
  -1   24   -168.204    100.182    -38.239
  -1   22   -105.613     60.112    -38.012
  -1   25    -70.582    100.458    -38.013
  -1   -2    -23.114     33.455    -37.012
  -1   28    -58.649     61.090    -37.346
  -1   26   -213.337     59.428    -36.783
  -1   29    -36.279     34.064    -37.244
  -1   27   -207.647     59.480    -36.867
  -1   34    -82.780     62.394    -37.417
  -1   33   -156.932     60.925    -37.727
  -1   31     -0.998    102.043    -37.733
  -1   30   -113.632    101.924    -38.732
  -1   -2   -232.187     59.236    -36.539
  -1   -2   -237.880     59.195    -36.546
  -1   36   -162.658     60.883    -37.578
  -1   37   -138.580     61.091    -38.060
  -1   35   -186.752     58.641    -37.509
  -1   32   -132.871     61.139    -38.130
  -1   38   -181.022     58.685    -37.524
  -1   40   -162.929     72.980    -37.749
  -1   42    -39.498    102.227    -38.036
  -1   39    -45.553      3.502    -37.499
  -1   43   -219.754     59.653    -36.665
  -1   41   -244.236     59.456    -36.442
  -1   45   -111.931     60.368    -38.093
  -1   44   -177.992    100.334    -38.284
  -1   -2    -88.025     62.130    -37.480
  -1   47   -193.118     58.910    -37.356
  -1   46    -80.537    100.608    -38.007
  -1   48   -117.195     60.229    -38.120
  -1   51   -123.522    102.156    -38.778
  -1   53    -55.472      3.525    -37.503
  -1   50    -10.855    102.066    -37.985
  -1   52   -128.845    102.004    -38.783
  -1   49   -144.721     61.307    -37.998
  -1   54   -125.703    -17.211    -36.061
  -1   55   -168.810     61.071    -37.497
  -1   57   -135.967     73.255    -38.478
  -1   58    -34.412    101.790    -38.112
  -1   59   -173.034     99.956    -38.271
  -1   61     -5.742    101.813    -37.912
  -1   60    -75.412    100.247    -37.999
  -1   62   -118.401    101.699    -38.764
  -1   63    -50.364      3.273    -37.514
  -1   64   -107.734     73.173    -38.302
  -1   67   -131.731    -24.442    -35.675
  -1   65   -135.175    -24.478    -35.379
  -1   -2    -44.611    101.922    -38.259
  -1   -2      3.267    170.081    -39.264
  -1   -2   -233.343     98.432    -38.221
  -1   69    -67.533      3.511    -37.238
  -1   68    -80.233     73.620    -37.453
  -1   70     -6.636     60.774    -37.299
  -1   75    -33.434     59.816    -37.618
  -1   -2   -122.747    -24.584    -35.188
  -1   77    -51.947     73.688    -37.355
  -1   76   -119.277    -15.600    -36.366
  -1   -2   -266.031    154.897    -39.187
  -1   97    -85.466     60.669    -37.470
  -1   80   -114.591     58.658    -38.069
  -1   81   -126.183    100.423    -38.795
  -1   -2   -263.667    160.835    -40.363
  -1   84    -27.276     74.563    -37.830
  -1   -2     11.929    178.035    -39.598
  -1   85   -130.051    -19.058    -35.888
  -1   -2   -263.477    154.041    -29.498
  -1   -2   -267.045    165.935    -46.655
  -1   -2   -271.552    170.774    -55.021
  -1   90      1.376    -31.206    -28.054
  -1   -2   -251.697    182.486    -64.908
  -1   -2   -264.820    162.439    -36.867
  -1   -2   -237.707     98.176    -37.029
  -1   -2   -126.633    -24.816    -35.800
  -1   -2   -262.760    -41.429    -42.125
  -1   -2   -260.031    -39.185    -32.923
  -1   -2     -1.290    170.623    -29.476
  -1   -2   -262.883    182.172     30.799
