102
   0   -2    -36.894    137.371    -38.341
   2   -2   -238.248     72.496    -36.768
   1   -2     -9.286     62.472    -37.361
   6   -2     -3.752     62.429    -37.176
   4   -2     -5.397    137.384    -38.088
   3   -2      2.355     62.228    -36.919
   7   -2      8.034     62.258    -36.685
   8   -2    -74.569     30.647    -37.417
   5   -2    -18.798     61.296    -37.597
   9   -2   -213.533     72.723    -36.887
  10   -2    -24.441     61.272    -37.609
  11   -2    -93.837     31.968    -37.280
  12   -2    -46.653     61.080    -37.399
  13   -2    -36.064     61.520    -37.532
  14   -2    -30.754     61.515    -37.613
  16   -2    -70.764     62.158    -37.402
  15   -2    -52.364     61.040    -37.315
  17   -2   -188.673     72.467    -37.790
  20   -2   -242.873     98.580    -37.083
  18   -2    -76.486     62.115    -37.397
  19   -2    -99.910     60.155    -37.878
  23   -2    -29.615    101.989    -38.124
  22   -2   -105.626     60.107    -38.005
  25   -2    -70.592    100.450    -37.989
  24   -2   -168.205    100.175    -38.214
  28   -2    -58.658     61.083    -37.322
  27   -2   -207.653     59.472    -36.850
  29   -2    -36.288     34.059    -37.228
  26   -2   -213.343     59.420    -36.779
  32   -2   -132.879     61.134    -38.122
  -1   -2    -23.116     33.448    -37.014
  31   -2     -0.998    102.039    -37.728
  33   -2   -156.941     60.920    -37.723
  34   -2    -82.788     62.389    -37.399
  -1   -2   -232.191     59.230    -36.530
  30   -2   -113.640    101.919    -38.715
  37   -2   -138.589     61.083    -38.054
  36   -2   -162.663     60.874    -37.560
  35   -2   -186.755     58.635    -37.498
  38   -2   -181.033     58.679    -37.529
  -1   -2   -237.880     59.188    -36.536
  43   -2   -219.760     59.645    -36.655
  39   -2    -45.557      3.494    -37.496
  40   -2   -162.934     72.972    -37.739
  41   -2   -244.240     59.451    -36.424
  42   -2    -39.510    102.222    -38.024
  44   -2   -177.998    100.324    -38.291
  45   -2   -111.937     60.360    -38.079
  48   -2   -117.202     60.224    -38.106
  47   -2   -193.124     58.904    -37.351
  50   -2    -10.867    102.062    -37.972
  46   -2    -80.546    100.599    -38.004
  51   -2   -123.534    102.148    -38.777
  49   -2   -144.725     61.297    -37.988
  52   -2   -128.851    101.998    -38.779
  55   -2   -168.817     61.068    -37.481
  54   -2   -125.707    -17.214    -36.064
  53   -2    -55.473      3.519    -37.504
  58   -2    -34.423    101.782    -38.099
  57   -2   -135.973     73.247    -38.473
  59   -2   -173.040     99.951    -38.268
  61   -2     -5.751    101.811    -37.878
  60   -2    -75.421    100.243    -38.009
  63   -2    -50.372      3.267    -37.520
  62   -2   -118.411    101.693    -38.769
  64   -2   -107.739     73.164    -38.303
  65   -2   -135.183    -24.483    -35.345
  -1   -2    -87.942     62.078    -37.446
  67   -2   -131.735    -24.447    -35.669
  69   -2    -67.646      3.530    -37.046
  -1   -2    -44.660    101.934    -37.975
  68   -2    -80.242     73.615    -37.407
  -1   -2      3.291    170.058    -39.266
  70   -2     -6.646     60.773    -37.313
  -1   -2   -233.723     98.327    -37.285
  75   -2    -33.445     59.806    -37.629
  -1   -2   -122.754    -24.590    -35.184
  76   -2   -119.281    -15.609    -36.376
  77   -2    -51.956     73.684    -37.374
  -1   -2   -266.073    154.886    -39.120
  80   -2   -114.602     58.653    -38.057
  81   -2   -126.193    100.422    -38.787
  -1   -2   -263.677    160.819    -40.295
  -1   -2     11.908    178.034    -39.669
  84   -2    -27.285     74.549    -37.843
  85   -2   -130.060    -19.063    -35.897
  -1   -2   -262.041    170.408    -37.905
  -1   -2   -268.810    166.731    -38.100
  -1   -2   -255.621    -35.496    -28.601
  -1   -2   -264.044    162.032    -33.864
  90   -2      1.440    -31.042    -27.698
  -1   -2   -247.466    183.482    -41.083
  -1   -2   -270.453    170.762    -68.639
  -1   -2     22.757    -28.598    -27.402
  -1   -2   -257.683    149.715    -37.373
  -1   -2   -126.641    -24.823    -35.787
  97   -2    -85.527     60.697    -37.418
  -1   -2    -42.243    100.515    -37.945
  -1   -2   -265.286    -41.932    -35.990
  -1   -2     -2.608    170.999    -38.217
  -1   -2   -261.157    188.471      5.350
  -1   -2   -273.133    161.284      5.220
