99
   1   -36.882   137.374   -38.326   15   15   12   11
   2    -3.740    62.437   -37.180   61   51   51   43
   3  -238.241    72.500   -36.781   41   39   44   40
   4    -9.281    62.476   -37.376   60   50   50   42
   5     2.361    62.232   -36.922   64   53   52   46
   6     8.040    62.260   -36.687   65   52   54   45
   7    -5.392   137.388   -38.089   16   16   11   10
   8   -18.794    61.303   -37.597   79   64   63   53
   9   -74.560    30.650   -37.409   91   88   87   84
  10   -24.437    61.277   -37.611   78   63   62   54
  11  -213.528    72.729   -36.874   42   38   43   39
  12   -46.646    61.087   -37.414   77   65   65   59
  13   -93.830    31.974   -37.283   90   87   86   83
  14   -36.060    61.524   -37.535   70   60   60   50
  15   -30.747    61.519   -37.607   71   61   61   51
  16   -70.758    62.164   -37.395   55   48   48   47
  17   -52.357    61.042   -37.337   76   66   66   60
  18  -188.675    72.475   -37.794   45   44   45   41
  19  -242.869    98.585   -37.101   28   33   33   30
  20   -99.904    60.161   -37.878   81   77   71   67
  21   -29.605   101.996   -38.150   29   23   20   15
  22   -76.478    62.121   -37.401   54   49   49   49
  23  -168.204   100.182   -38.239   23   28   30   28
  24  -105.613    60.112   -38.012   80   78   72   68
  25   -70.582   100.458   -38.013   37   34   28   24
  26   -23.114    33.455   -37.012   89   86   85   82
  27   -58.649    61.090   -37.346   73   62   64   58
  28  -213.337    59.428   -36.783   69   72   76   73
  29   -36.279    34.064   -37.244   88   85   84   81
  30  -207.647    59.480   -36.867   68   73   75   72
  31   -82.780    62.394   -37.417   50   46   46   44
  32  -156.932    60.925   -37.727   57   59   58   61
  33    -0.998   102.043   -37.733   34   27   21   13
  34  -113.632   101.924   -38.732   20   19   17   21
  35  -232.187    59.236   -36.539   67   76   77   74
  36  -237.880    59.195   -36.546   66   75   78   75
  37  -162.658    60.883   -37.578   56   56   59   62
  38  -138.580    61.091   -38.060   58   58   57   57
  39  -186.752    58.641   -37.509   83   81   82   78
  40  -132.871    61.139   -38.130   59   57   56   56
  41  -181.022    58.685   -37.524   84   82   81   77
  42  -162.929    72.980   -37.749   43   41   42   38
  43   -39.498   102.227   -38.036   25   21   15   12
  44   -45.553     3.502   -37.499   95   90   90   87
  45  -219.754    59.653   -36.665   63   68   73   69
  46  -244.236    59.456   -36.442   62   69   74   70
  47  -111.931    60.368   -38.093   72   70   68   65
  48  -177.992   100.334   -38.284   22   24   29   27
  49   -88.025    62.130   -37.480   51   47   47   48
  50  -193.118    58.910   -37.356   82   79   80   76
  51   -80.537   100.608   -38.007   35   32   25   23
  52  -117.195    60.229   -38.120   74   71   69   66
  53  -123.522   102.156   -38.778   18   17   14   19
  54   -55.472     3.525   -37.503   94   89   89   86
  55   -10.855   102.066   -37.985   31   25   18   14
  56  -128.845   102.004   -38.783   19   18   16   20
  57  -144.721    61.307   -37.998   53   54   53   52
  58  -125.703   -17.211   -36.061   99   97   93   90
  59  -168.810    61.071   -37.497   52   55   55   55
  60  -135.967    73.255   -38.478   44   42   39   36
  61   -34.412   101.790   -38.112   30   26   23   18
  62  -173.034    99.956   -38.271   24   30   32   29
  63    -5.742   101.813   -37.912   36   29   24   16
  64   -75.412   100.247   -37.999   38   35   31   25
  65  -118.401   101.699   -38.764   21   20   22   22
  66   -50.364     3.273   -37.514   96   92   91   88
  67  -107.734    73.173   -38.302   47   45   41   37
  68  -131.731   -24.442   -35.675  101  100   95   93
  69  -135.175   -24.478   -35.379  103  101   96   92
  70   -44.611   101.922   -38.259   26   22   19   17
  71     3.267   170.081   -39.264    9    9    5    3
  72  -233.343    98.432   -38.221   32   36   34   31
  73   -67.533     3.511   -37.238   93   91   88   85
  74   -80.233    73.620   -37.453   48   40   38   35
  75    -6.636    60.774   -37.299   85   74   70   63
  76   -33.434    59.816   -37.618   86   80   79   71
  77  -122.747   -24.584   -35.188  102  102   97   94
  78   -51.947    73.688   -37.355   49   43   40   34
  79  -119.277   -15.600   -36.366   97   95   92   89
  80  -266.031   154.897   -39.187   12   13    9    8
  81   -85.466    60.669   -37.470   75   67   67   64
  82  -114.591    58.658   -38.069   87   83   83   79
  83  -126.183   100.423   -38.795   27   31   26   26
  84  -263.667   160.835   -40.363   11   12    7    6
  85   -27.276    74.563   -37.830   46   37   37   33
  86    11.929   178.035   -39.598    2    3    1    2
  87  -130.051   -19.058   -35.888  100   98   94   91
  88  -263.477   154.041   -29.498   13    6   10    9
  89  -267.045   165.935   -46.655    8   10    6    5
  90  -271.552   170.774   -55.021    4    5    2    4
  91     1.376   -31.206   -28.054  105  105  101   96
  92  -251.697   182.486   -64.908    1    2    0    1
  93  -264.820   162.439   -36.867    7    4    8    7
  94  -237.707    98.176   -37.029   33   -1   35   32
  95  -126.633   -24.816   -35.800  104  103   98   -1
  96  -262.760   -41.429   -42.125  107  110  102   -1
  97  -260.031   -39.185   -32.923  106  108  103   -1
  98    -1.290   170.623   -29.476   10    7    4   -1
  99  -262.883   182.172    30.799    3    0   -1    0
