102
   1   -36.894   137.371   -38.341   13   14   16   12
   2  -238.248    72.496   -36.768   37   37   48   41
   3    -9.286    62.472   -37.361   56   48   54   43
   4    -3.752    62.429   -37.176   57   50   55   45
   5    -5.397   137.384   -38.088   14   15   15   11
   6     2.355    62.228   -36.919   60   52   56   47
   7     8.034    62.258   -36.685   61   51   58   46
   8   -74.569    30.647   -37.417   87   86   91   85
   9   -18.798    61.296   -37.597   75   63   67   54
  10  -213.533    72.723   -36.887   38   38   47   40
  11   -24.441    61.272   -37.609   74   62   66   55
  12   -93.837    31.968   -37.280   86   85   90   84
  13   -46.653    61.080   -37.399   73   65   69   60
  14   -36.064    61.520   -37.532   66   59   64   51
  15   -30.754    61.515   -37.613   67   60   65   52
  16   -70.764    62.158   -37.402   51   46   52   48
  17   -52.364    61.040   -37.315   72   64   70   61
  18  -188.673    72.467   -37.790   41   43   49   42
  19  -242.873    98.580   -37.083   25   32   37   32
  20   -76.486    62.115   -37.397   50   47   53   50
  21   -99.910    60.155   -37.878   77   75   76   68
  22   -29.615   101.989   -38.124   26   22   24   16
  23  -105.626    60.107   -38.005   76   76   75   69
  24   -70.592   100.450   -37.989   34   33   32   26
  25  -168.205   100.175   -38.214   20   27   34   30
  26   -58.658    61.083   -37.322   69   61   68   59
  27  -207.653    59.472   -36.850   65   70   79   73
  28   -36.288    34.059   -37.228   84   83   88   82
  29  -213.343    59.420   -36.779   64   71   80   74
  30  -132.879    61.134   -38.122   55   56   60   57
  31   -23.116    33.448   -37.014   85   84   89   83
  32    -0.998   102.039   -37.728   31   26   25   13
  33  -156.941    60.920   -37.723   53   58   62   62
  34   -82.788    62.389   -37.399   46   45   50   44
  35  -232.191    59.230   -36.530   63   74   81   75
  36  -113.640   101.919   -38.715   17   18   21   22
  37  -138.589    61.083   -38.054   54   57   61   58
  38  -162.663    60.874   -37.560   52   55   63   63
  39  -186.755    58.635   -37.498   79   80   86   79
  40  -181.033    58.679   -37.529   80   79   85   78
  41  -237.880    59.188   -36.536   62   73   82   76
  42  -219.760    59.645   -36.655   59   66   77   70
  43   -45.557     3.494   -37.496   91   88   94   88
  44  -162.934    72.972   -37.739   40   40   46   39
  45  -244.240    59.451   -36.424   58   67   78   71
  46   -39.510   102.222   -38.024   22   20   19   14
  47  -177.998   100.324   -38.291   19   23   33   29
  48  -111.937    60.360   -38.079   68   68   72   66
  49  -117.202    60.224   -38.106   70   69   73   67
  50  -193.124    58.904   -37.351   78   77   84   77
  51   -10.867   102.062   -37.972   28   24   22   15
  52   -80.546   100.599   -38.004   32   31   29   25
  53  -123.534   102.148   -38.777   15   16   18   20
  54  -144.725    61.297   -37.988   49   53   57   53
  55  -128.851   101.998   -38.779   16   17   20   21
  56  -168.817    61.068   -37.481   48   54   59   56
  57  -125.707   -17.214   -36.064   95   93   97   91
  58   -55.473     3.519   -37.504   89   87   93   87
  59   -34.423   101.782   -38.099   27   25   27   19
  60  -135.973    73.247   -38.473   39   41   44   37
  61  -173.040    99.951   -38.268   21   29   36   31
  62    -5.751   101.811   -37.878   33   28   28   18
  63   -75.421   100.243   -38.009   35   34   35   27
  64   -50.372     3.267   -37.520   92   90   95   89
  65  -118.411   101.693   -38.769   18   19   26   23
  66  -107.739    73.164   -38.303   43   44   45   38
  67  -135.183   -24.483   -35.345   99   97  100   93
  68   -87.942    62.078   -37.446   47   49   51   49
  69  -131.735   -24.447   -35.669   97   96   99   94
  70   -67.646     3.530   -37.046   90   89   92   86
  71   -44.660   101.934   -37.975   23   21   23   17
  72   -80.242    73.615   -37.407   44   39   42   36
  73     3.291   170.058   -39.266    7    9    8    3
  74    -6.646    60.773   -37.313   81   72   74   64
  75  -233.723    98.327   -37.285   29   35   38   33
  76   -33.445    59.806   -37.629   82   78   83   72
  77  -122.754   -24.590   -35.184   98   98  101   95
  78  -119.281   -15.609   -36.376   93   91   96   90
  79   -51.956    73.684   -37.374   45   42   43   35
  80  -266.073   154.886   -39.120   10   13   13    9
  81  -114.602    58.653   -38.057   83   81   87   80
  82  -126.193   100.422   -38.787   24   30   30   28
  83  -263.677   160.819   -40.295    9   11   11    7
  84    11.908   178.034   -39.669    2    4    3    2
  85   -27.285    74.549   -37.843   42   36   41   34
  86  -130.060   -19.063   -35.897   96   94   98   92
  87  -262.041   170.408   -37.905    3    5    9    4
  88  -268.810   166.731   -38.100    4    7   10    5
  89  -255.621   -35.496   -28.601  105  103  107   97
  90  -264.044   162.032   -33.864    6   10   12    6
  91     1.440   -31.042   -27.698  104  101  105   98
  92  -247.466   183.482   -41.083    1    0    0    1
  93  -270.453   170.762   -68.639    0    6    4    8
  94    22.757   -28.598   -27.402  102   95  104   99
  95  -257.683   149.715   -37.373   11   -1   14   10
  96  -126.641   -24.823   -35.787  101   99  102   -1
  97   -85.527    60.697   -37.418   71   -1   71   65
  98   -42.243   100.515   -37.945   36   -1   31   24
  99  -265.286   -41.932   -35.990  106  106  108   -1
 100    -2.608   170.999   -38.217    5    8    7   -1
 101  -261.157   188.471     5.350   -1    1    1    0
 102  -273.133   161.284     5.220   12    2    6   -1
