100
   1   -36.885   137.373   -38.335   14   12   14   11
   2    -9.283    62.474   -37.349   59   47   52   42
   3  -238.244    72.498   -36.788   40   37   46   40
   4     2.357    62.234   -36.931   63   51   54   46
   5    -5.390   137.383   -38.094   15   13   13   10
   6   -18.794    61.300   -37.604   78   62   65   53
   7    -3.744    62.435   -37.159   60   49   53   43
   8     8.036    62.260   -36.684   64   50   56   45
   9   -74.571    30.653   -37.411   90   84   89   84
  10  -213.531    72.726   -36.876   41   36   45   39
  11   -24.440    61.276   -37.608   77   61   64   54
  12   -93.832    31.969   -37.284   89   83   88   83
  13   -46.649    61.085   -37.415   76   64   67   59
  14   -36.062    61.525   -37.532   69   58   62   50
  15   -30.751    61.522   -37.616   70   59   63   51
  16   -52.359    61.042   -37.329   75   63   68   60
  17   -70.763    62.161   -37.402   54   45   50   47
  18  -188.675    72.467   -37.785   44   42   47   41
  19   -76.485    62.119   -37.416   53   46   51   49
  20   -99.907    60.154   -37.880   80   73   74   67
  21  -242.875    98.583   -37.100   26   30   35   31
  22   -23.121    33.445   -36.968   88   82   87   82
  23  -105.622    60.110   -38.010   79   74   73   68
  24   -29.613   101.992   -38.141   27   20   22   15
  25  -168.207   100.178   -38.230   21   25   32   29
  26   -70.583   100.455   -38.004   35   31   30   25
  27  -213.339    59.424   -36.766   67   70   78   73
  28  -207.651    59.475   -36.859   68   69   77   72
  29   -58.654    61.090   -37.339   72   60   66   58
  30   -36.283    34.060   -37.245   87   81   86   81
  31  -113.635   101.921   -38.723   18   16   19   21
  32    -1.001   102.044   -37.740   32   24   23   12
  33  -132.877    61.136   -38.127   58   55   58   56
  34  -156.937    60.924   -37.738   56   57   60   61
  35   -82.786    62.390   -37.417   49   44   48   44
  36  -186.755    58.638   -37.504   82   77   84   78
  37  -162.660    60.879   -37.571   55   54   61   62
  38  -138.581    61.087   -38.058   57   56   59   57
  39  -181.025    58.683   -37.524   83   78   83   77
  40   -45.559     3.500   -37.492   94   86   92   87
  41  -162.931    72.977   -37.754   43   39   44   38
  42  -244.240    59.454   -36.441   61   66   76   70
  43   -39.507   102.223   -38.036   23   18   17   13
  44  -219.756    59.649   -36.668   62   65   75   69
  45  -177.996   100.330   -38.281   20   21   31   28
  46  -111.935    60.368   -38.080   71   67   70   65
  47   -80.541   100.601   -38.012   33   29   27   24
  48  -193.120    58.907   -37.369   81   75   82   76
  49  -117.198    60.226   -38.129   73   68   71   66
  50  -144.722    61.301   -37.992   52   52   55   52
  51   -10.862   102.065   -37.972   29   22   20   14
  52  -123.527   102.154   -38.790   16   14   16   19
  53  -128.848   102.003   -38.778   17   15   18   20
  54   -55.469     3.521   -37.507   92   85   91   86
  55  -125.703   -17.213   -36.066   98   91   95   90
  56  -168.813    61.070   -37.484   51   53   57   55
  57   -44.747   101.986   -38.012   24   19   21   16
  58  -135.978    73.254   -38.495   42   40   41   36
  59   -34.421   101.782   -38.099   28   23   25   18
  60  -173.037    99.953   -38.267   22   27   34   30
  61   -75.413   100.247   -38.010   36   32   33   26
  62    -5.743   101.815   -37.886   34   26   26   17
  63  -118.402   101.701   -38.771   19   17   24   22
  64   -50.367     3.271   -37.510   95   88   93   88
  65  -107.738    73.170   -38.320   46   43   43   37
  66  -135.186   -24.483   -35.364  102   95   98   92
  67   -87.937    62.078   -37.460   50   48   49   48
  68  -131.734   -24.444   -35.688  100   94   97   93
  69   -80.242    73.621   -37.431   47   38   40   35
  70   -67.629     3.556   -37.176   93   87   90   85
  71    -6.639    60.774   -37.314   84   71   72   63
  72     3.245   170.065   -39.294   10    7    6    4
  73  -122.700   -24.550   -36.953  101   96   99   94
  74  -233.720    98.333   -37.294   30   33   36   32
  75  -232.962    59.329   -38.217   66   72   79   74
  76   -33.442    59.812   -37.632   85   76   81   71
  77  -119.279   -15.604   -36.366   96   90   94   89
  78   -51.951    73.679   -37.359   48   41   42   34
  79  -266.074   154.897   -39.103   12   11   11    9
  80   -42.213   100.491   -37.975   37   34   29   23
  81  -114.594    58.654   -38.067   86   79   85   79
  82  -126.191   100.422   -38.798   25   28   28   27
  83  -263.653   160.827   -40.240   11   10    9    7
  84    11.929   178.034   -39.713    1    2    2    2
  85   -27.284    74.551   -37.840   45   35   39   33
  86  -130.062   -19.059   -35.883   99   92   96   91
  87  -266.545   164.172   -38.285    8    8    8    6
  88  -268.661   166.671   -38.050    5    5    7    5
  89  -261.682   175.153   -36.735    0    1    3    3
  90  -255.687   -35.561   -28.787  108  100  105   97
  91     1.412   -31.121   -27.863  106   98  104   98
  92  -272.145   168.481   -65.413    3    4    5    8
  93  -248.214   182.302   -38.043    2    0    0    1
  94    22.041   -28.506   -25.299  105   93  103   99
  95  -261.100   180.336     1.688    4    3    1    0
  96  -237.875    59.235   -36.364   65   -1   80   75
  97  -126.833   -24.780   -35.754  104   -1  100   95
  98   -85.522    60.701   -37.428   74   -1   69   64
  99  -265.327   -41.947   -35.925  109  103  106   -1
 100    14.908   -33.206   -70.236  103   99  102   -1
