100
   1   -36.882   137.374   -38.330   14   15   12   11
   2  -238.242    72.499   -36.782   40   39   44   40
   3    -3.742    62.434   -37.169   60   51   51   43
   4     2.362    62.234   -36.929   63   53   52   46
   5    -9.281    62.476   -37.372   59   50   50   42
   6    -5.394   137.388   -38.091   15   16   11   10
   7     8.040    62.260   -36.688   64   52   54   45
   8   -18.794    61.302   -37.595   78   64   63   53
   9   -74.562    30.650   -37.411   90   88   87   84
  10   -24.438    61.276   -37.608   77   63   62   54
  11  -213.530    72.729   -36.878   41   38   43   39
  12   -93.832    31.972   -37.282   89   87   86   83
  13   -46.648    61.086   -37.414   76   65   65   59
  14   -30.748    61.521   -37.619   70   61   61   51
  15   -36.059    61.525   -37.539   69   60   60   50
  16   -70.761    62.162   -37.393   54   48   48   47
  17   -52.359    61.042   -37.340   75   66   66   60
  18  -242.871    98.584   -37.098   26   33   33   30
  19  -188.675    72.475   -37.796   44   44   45   41
  20   -99.908    60.158   -37.876   80   77   71   67
  21   -76.484    62.120   -37.417   53   49   49   49
  22   -23.119    33.450   -36.993   88   86   85   82
  23  -105.617    60.110   -38.014   79   78   72   68
  24  -168.204   100.181   -38.235   21   28   30   28
  25   -29.608   101.992   -38.140   27   23   20   15
  26   -36.284    34.061   -37.244   87   85   84   81
  27   -58.651    61.089   -37.343   72   62   64   58
  28   -70.581   100.456   -37.999   35   34   28   24
  29  -207.650    59.478   -36.861   68   73   75   72
  30  -213.338    59.426   -36.776   67   72   76   73
  31   -82.782    62.392   -37.409   49   46   46   44
  32  -156.933    60.925   -37.730   56   59   58   61
  33    -1.001   102.042   -37.738   32   27   21   13
  34  -113.632   101.923   -38.727   18   19   17   21
  35  -232.187    59.236   -36.535   66   76   77   74
  36  -132.875    61.137   -38.131   58   57   56   56
  37  -237.882    59.194   -36.547   65   75   78   75
  38  -162.659    60.881   -37.574   55   56   59   62
  39  -138.581    61.090   -38.056   57   58   57   57
  40  -181.024    58.684   -37.524   83   82   81   77
  41  -186.752    58.641   -37.508   82   81   82   78
  42  -162.931    72.978   -37.745   43   41   42   38
  43   -39.502   102.225   -38.037   23   21   15   12
  44   -45.555     3.501   -37.497   94   90   90   87
  45  -219.755    59.652   -36.663   62   68   73   69
  46  -244.237    59.456   -36.444   61   69   74   70
  47  -177.994   100.333   -38.282   20   24   29   27
  48  -111.932    60.367   -38.089   71   70   68   65
  49  -193.120    58.910   -37.361   81   79   80   76
  50   -88.027    62.128   -37.478   50   47   47   48
  51   -80.539   100.606   -38.006   33   32   25   23
  52  -117.196    60.228   -38.121   73   71   69   66
  53  -123.522   102.156   -38.779   16   17   14   19
  54   -55.472     3.526   -37.510   92   89   89   86
  55  -144.723    61.305   -37.997   52   54   53   52
  56  -128.846   102.002   -38.777   17   18   16   20
  57   -10.859   102.064   -37.981   29   25   18   14
  58  -125.703   -17.211   -36.061   98   97   93   90
  59  -168.811    61.070   -37.493   51   55   55   55
  60  -135.970    73.255   -38.484   42   42   39   36
  61  -173.037    99.954   -38.270   22   30   32   29
  62   -75.410   100.250   -38.012   36   35   31   25
  63    -5.742   101.813   -37.912   34   29   24   16
  64   -34.416   101.786   -38.098   28   26   23   18
  65  -118.402   101.700   -38.771   19   20   22   22
  66  -107.734    73.174   -38.307   46   45   41   37
  67   -50.364     3.273   -37.523   95   92   91   88
  68  -135.180   -24.481   -35.375  102  101   96   92
  69  -131.730   -24.441   -35.682  100  100   95   93
  70   -44.613   101.921   -38.260   24   22   19   17
  71     3.264   170.077   -39.250   10    9    5    3
  72   -67.571     3.494   -37.270   93   91   88   85
  73  -233.345    98.431   -38.222   30   36   34   31
  74   -80.235    73.617   -37.441   47   40   38   35
  75    -6.638    60.774   -37.305   84   74   70   63
  76   -33.438    59.812   -37.610   85   80   79   71
  77  -122.743   -24.582   -35.192  101  102   97   94
  78   -51.950    73.686   -37.355   48   43   40   34
  79  -119.278   -15.602   -36.359   96   95   92   89
  80  -266.037   154.898   -39.205   12   13    9    8
  81   -85.466    60.668   -37.468   74   67   67   64
  82  -114.594    58.657   -38.071   86   83   83   79
  83  -126.186   100.422   -38.796   25   31   26   26
  84  -263.673   160.833   -40.370   11   12    7    6
  85    11.923   178.038   -39.634    1    3    1    2
  86   -27.283    74.560   -37.833   45   37   37   33
  87  -130.053   -19.058   -35.892   99   98   94   91
  88  -263.478   154.039   -29.493   13    6   10    9
  89  -267.299   166.661   -50.344    5   10    6    5
  90  -271.453   170.643   -54.239    3    5    2    4
  91     1.384   -31.201   -28.060  106  105  101   96
  92  -251.702   182.509   -65.015    0    2    0    1
  93  -264.601   161.724   -33.411    8    4    8    7
  94  -237.707    98.175   -37.030   31   -1   35   32
  95  -126.631   -24.814   -35.807  104  103   98   -1
  96  -265.288   -41.941   -36.012  109  110  103   -1
  97  -260.209   -40.125   -35.789  108  108  102   -1
  98    -2.595   171.015   -38.144    7    7    4   -1
  99     8.009   -30.148     6.529  110   99  100   -1
 100  -262.657   182.166    31.026    2    0   -1    0
