97
   0   -2   -157.066     27.031    -38.013 4
   1   -2    -40.683    134.242    -38.236 4
   2   -2   -242.276     69.953    -36.867 4
   3   -2     -9.230    134.290    -37.476 4
   5   -2     -1.882     58.992    -36.633 4
   4   -2    -13.490     59.215    -37.030 4
   7   -2    -22.959     58.097    -37.161 4
   6   -2   -217.586     70.138    -37.444 4
  10   -2      3.860     59.010    -36.405 4
   8   -2     -7.954     59.214    -36.854 4
   9   -2    -78.864     27.547    -37.867 4
  11   -2    -98.091     28.911    -38.132 4
  13   -2    -28.682     58.076    -37.189 4
  12   -2   -192.746     69.764    -37.578 4
  14   -2    -50.799     57.929    -37.433 4
  16   -2    -40.311     58.300    -37.269 4
  15   -2    -27.474     30.260    -37.229 4
  20   -2    -74.881     59.063    -37.767 4
  19   -2   -246.741     96.008    -37.197 4
  18   -2    -56.528     57.909    -37.544 4
  17   -2    -34.974     58.317    -37.233 4
  22   -2    -33.625     98.764    -38.095 4
  21   -2    -40.613     30.878    -37.451 4
  26   -2    -80.618     59.035    -37.874 4
  23   -2   -104.022     57.121    -38.111 4
  24   -2   -167.033     70.181    -37.688 4
  25   -2     -5.011     98.800    -37.454 4
  27   -2    -74.523     97.343    -38.759 4
  28   -2   -109.693     57.100    -38.097 4
  29   -2   -117.522     98.896    -38.703 4
  30   -2   -211.691     56.802    -37.217 4
  34   -2    -49.974      0.268    -37.186 4
  32   -2   -136.981     58.236    -37.981 4
  40   -2   -217.378     56.785    -37.134 4
  31   -2   -190.837     55.939    -37.405 4
  36   -2   -236.159     56.693    -36.755 4
  33   -2    -86.915     59.293    -37.997 4
  35   -2   -185.095     55.952    -37.410 4
  37   -2   -257.450    169.935    -38.014 4
  38   -2   -161.022     58.113    -37.682 4
  39   -2   -241.906     56.669    -36.622 4
  42   -2    -43.489     99.010    -38.245 4
  41   -2   -142.700     58.218    -37.872 4
  45   -2    -62.857     57.958    -37.651 4
  44   -2   -166.768     58.084    -37.616 4
  43   -2   -223.825     56.964    -37.028 4
  46   -2   -181.931     97.502    -38.482 4
  47   -2   -248.313     56.902    -36.411 4
  48   -2    -14.872     98.845    -37.753 4
  49   -2   -140.059     70.365    -37.978 4
  53   -2   -115.992     57.366    -38.099 4
  51   -2   -197.233     56.222    -37.365 4
  50   -2    -84.500     97.530    -38.561 4
  54   -2   -132.784     99.072    -38.389 4
  52   -2   -127.430     99.150    -38.456 4
  55   -2   -121.291     57.284    -38.112 4
  56   -2   -148.879     58.457    -37.779 4
  58   -2    -59.865      0.344    -37.235 4
  59   -2   -130.181    -20.171    -37.657 4
  57   -2   -172.934     58.270    -37.519 4
  61   -2     -9.820     98.570    -37.631 4
  62   -2   -111.797     70.164    -38.322 4
  60   -2    -38.455     98.535    -38.151 4
  64   -2    -79.391     97.120    -38.615 4
  63   -2   -122.339     98.672    -38.568 4
  66   -2    -54.825      0.029    -37.264 4
  67   -2    -92.150     59.039    -38.361 4
  68   -2   -137.072    -20.076    -37.393 4
  69   -2   -136.178    -27.350    -37.465 4
  70   -2    -48.674     98.743    -38.305 4
  71   -2   -139.663    -27.360    -37.055 4
  73   -2    -84.363     70.538    -38.086 4
  76   -2    -10.853     57.571    -36.964 4
  -1   -2   -127.077    -27.449    -38.765 4
  77   -2    -56.104     70.528    -37.622 4
  -1   -2   -237.565     95.728    -37.527 4
  78   -2    -37.649     56.656    -37.267 4
  -1   -2   -172.982     97.299    -38.648 4
  79   -2   -123.704    -18.618    -37.874 4
  80   -2   -118.686     55.699    -38.119 4
  81   -2   -130.085     97.463    -38.354 4
  83   -2    -31.493     71.381    -37.423 4
  82   -2   -272.268    173.994    -37.708 4
  -1   -2     14.455    170.161    -37.625 4
  85   -2   -134.524    -21.985    -37.525 4
  -1   -2     -7.328    173.222    -33.447 4
  -1   -2      0.636    -31.253    -18.516 4
  -1   -2    -15.535    170.940    -38.911 4
  -1   -2      6.125    176.386    -47.094 4
  74   -2   -131.300    -27.711    -37.531 4
  90   -2   -252.976    -40.306    -36.135 4
  91   -2    -46.258     97.344    -38.169 4
  -1   -2    -89.523     57.622    -38.124 4
  -1   -2   -247.445     97.800      2.329 4
  -1   -2     23.049    161.131    -71.175 4
  -1   -2      3.151    -28.642     -1.015 4
  -1   -2     54.266    -28.794     65.547 4
