98
   0    0   -157.066     27.029    -38.016
   1    1    -40.685    134.238    -38.220
   2    2   -242.277     69.953    -36.876
   3    3     -9.228    134.289    -37.475
   5    5    -13.492     59.216    -37.027
   4    4     -1.880     58.993    -36.631
   7    7   -217.585     70.138    -37.460
   9    6    -22.959     58.098    -37.175
   8    9     -7.957     59.214    -36.860
  10   10    -78.864     27.546    -37.863
   6    8      3.859     59.009    -36.419
  11   11    -98.091     28.911    -38.137
  13   13   -192.745     69.762    -37.579
  12   12    -28.682     58.076    -37.200
  14   14    -50.799     57.927    -37.439
  16   16    -27.476     30.262    -37.224
  15   15    -40.307     58.299    -37.270
  18   20    -34.972     58.311    -37.241
  19   19    -56.527     57.908    -37.545
  20   18   -246.742     96.014    -37.202
  17   17    -74.876     59.063    -37.769
  21   22    -40.604     30.878    -37.452
  23   21    -33.626     98.764    -38.087
  22   24   -104.022     57.122    -38.104
  26   25   -167.034     70.183    -37.684
  25   26     -5.013     98.798    -37.465
  24   23    -80.617     59.034    -37.872
  28   27    -74.524     97.342    -38.745
  27   28   -109.693     57.101    -38.110
  30   29   -117.517     98.893    -38.707
  29   30   -211.690     56.802    -37.218
  32   34   -190.837     55.942    -37.389
  31   32   -136.983     58.236    -37.986
  38   36    -86.917     59.292    -38.002
  35   31    -49.972      0.269    -37.182
  33   37   -185.096     55.954    -37.410
  37   35   -236.159     56.696    -36.746
  46   38   -257.448    169.934    -38.005
  34   39   -161.027     58.109    -37.699
  39   40   -241.904     56.668    -36.624
  36   33   -217.382     56.785    -37.142
  41   42   -142.702     58.220    -37.863
  40   41    -43.487     99.011    -38.254
  43   45   -223.824     56.965    -37.041
  47   44   -166.769     58.087    -37.620
  42   43    -62.860     57.965    -37.644
  44   46   -181.930     97.502    -38.498
  45   47   -248.311     56.906    -36.411
  49   48    -14.870     98.842    -37.741
  48   49   -140.059     70.365    -37.978
  50   52    -84.502     97.530    -38.562
  52   51   -197.235     56.225    -37.364
  55   54   -127.433     99.153    -38.460
  51   50   -115.988     57.371    -38.112
  53   53   -132.782     99.072    -38.388
  54   55   -121.289     57.286    -38.108
  56   56   -148.881     58.457    -37.781
  58   59   -172.936     58.269    -37.524
  60   57    -59.865      0.345    -37.239
  57   58   -130.184    -20.174    -37.645
  61   62    -38.450     98.534    -38.155
  59   60     -9.820     98.569    -37.649
  62   61   -111.797     70.161    -38.319
  63   64   -122.336     98.670    -38.575
  64   63    -79.391     97.121    -38.627
  -1   -2   -126.736    -27.441    -37.790
  66   65    -54.822      0.032    -37.287
  72   66    -92.149     59.036    -38.365
  67   67   -137.070    -20.075    -37.393
  68   68   -136.179    -27.351    -37.452
  70   69    -48.677     98.744    -38.292
  69   70   -139.669    -27.355    -37.051
  -1   -2   -237.912     95.756    -36.478
  71   71    -84.362     70.537    -38.094
  73   89   -131.210    -27.770    -37.588
  -1   -2   -172.563     97.243    -37.605
  75   72    -10.849     57.570    -36.961
  76   74    -56.107     70.532    -37.635
  78   76    -37.649     56.656    -37.271
  79   78   -123.706    -18.621    -37.893
  80   79   -118.689     55.697    -38.121
  81   80   -130.086     97.464    -38.363
  83   82   -272.289    173.997    -37.776
  82   81    -31.490     71.379    -37.452
  -1   -2     14.595    170.143    -37.527
  85   84   -134.526    -21.989    -37.556
  -1   -2     -7.213    173.189    -33.271
  -1   -2      7.016    169.904    -30.091
  -1   -2    -11.853    173.278    -40.147
  -1   -2   -176.873     97.110    -38.627
  89   90   -252.986    -40.302    -36.139
  90   91    -46.259     97.346    -38.192
  -1   -2      1.266    -34.218    -32.460
  -1   -2    -89.527     57.622    -38.123
  -1   -2   -263.945    104.504      9.200
  -1   -2      6.495    175.781    -41.250
  -1   -2     26.928    161.396    -73.571
  -1   -2     35.703    -26.489    -37.033
