94
  -1    0   -157.065     27.030    -38.025
  -1    1    -40.682    134.240    -38.246
  -1    2   -242.276     69.956    -36.880
  -1    3     -9.228    134.290    -37.490
  -1    5     -1.878     58.991    -36.640
  -1    4    -13.489     59.218    -37.038
  -1   10      3.862     59.005    -36.430
  -1    6   -217.585     70.136    -37.457
  -1    8     -7.956     59.213    -36.866
  -1    7    -22.957     58.095    -37.175
  -1    9    -78.864     27.545    -37.875
  -1   11    -98.093     28.910    -38.138
  -1   13    -28.679     58.073    -37.205
  -1   12   -192.743     69.764    -37.582
  -1   14    -50.799     57.928    -37.446
  -1   16    -40.307     58.298    -37.282
  -1   15    -27.471     30.259    -37.246
  -1   20    -74.875     59.060    -37.777
  -1   17    -34.973     58.313    -37.252
  -1   18    -56.521     57.909    -37.540
  -1   19   -246.737     96.012    -37.206
  -1   21    -40.605     30.878    -37.459
  -1   23   -104.018     57.123    -38.121
  -1   22    -33.623     98.765    -38.092
  -1   26    -80.615     59.036    -37.881
  -1   25     -5.011     98.800    -37.474
  -1   24   -167.032     70.182    -37.690
  -1   28   -109.691     57.100    -38.106
  -1   27    -74.522     97.343    -38.758
  -1   30   -211.689     56.801    -37.215
  -1   29   -117.521     98.893    -38.711
  -1   32   -136.982     58.238    -37.991
  -1   31   -190.835     55.941    -37.407
  -1   35   -185.098     55.953    -37.418
  -1   38   -161.024     58.113    -37.698
  -1   34    -49.972      0.269    -37.184
  -1   40   -217.378     56.784    -37.137
  -1   36   -236.159     56.693    -36.758
  -1   33    -86.914     59.290    -38.013
  -1   39   -241.904     56.670    -36.635
  -1   42    -43.488     99.013    -38.262
  -1   41   -142.696     58.219    -37.877
  -1   45    -62.855     57.963    -37.661
  -1   43   -223.823     56.966    -37.048
  -1   46   -181.926     97.502    -38.495
  -1   47   -248.308     56.905    -36.420
  -1   37   -257.446    169.936    -38.023
  -1   44   -166.766     58.087    -37.628
  -1   49   -140.056     70.366    -37.992
  -1   48    -14.867     98.839    -37.758
  -1   50    -84.499     97.533    -38.557
  -1   53   -115.990     57.365    -38.103
  -1   51   -197.233     56.227    -37.370
  -1   54   -132.782     99.070    -38.396
  -1   55   -121.289     57.283    -38.118
  -1   52   -127.428     99.151    -38.479
  -1   56   -148.879     58.458    -37.795
  -1   59   -130.179    -20.177    -37.660
  -1   57   -172.933     58.269    -37.534
  -1   61     -9.818     98.572    -37.648
  -1   58    -59.860      0.342    -37.244
  -1   60    -38.453     98.532    -38.166
  -1   62   -111.797     70.163    -38.331
  -1   63   -122.338     98.670    -38.585
  -1   64    -79.390     97.122    -38.630
  -1   -2   -126.739    -27.440    -37.787
  -1   66    -54.825      0.030    -37.293
  -1   68   -137.072    -20.074    -37.416
  -1   69   -136.176    -27.346    -37.465
  -1   71   -139.664    -27.359    -37.047
  -1   70    -48.675     98.742    -38.314
  -1   73    -84.358     70.536    -38.096
  -1   67    -92.052     58.988    -38.327
  -1   74   -131.208    -27.771    -37.586
  -1   -2   -172.562     97.242    -37.607
  -1   76    -10.846     57.571    -36.969
  -1   77    -56.106     70.530    -37.632
  -1   -2   -237.565     95.726    -37.531
  -1   78    -37.647     56.655    -37.278
  -1   79   -123.706    -18.623    -37.887
  -1   80   -118.683     55.697    -38.123
  -1   81   -130.083     97.464    -38.357
  -1   83    -31.490     71.378    -37.461
  -1   82   -272.283    174.004    -37.790
  -1   -2     14.415    170.189    -37.751
  -1   85   -134.526    -21.991    -37.540
  -1   -2     -1.717    171.897    -16.385
  -1   -2    -11.878    174.318    -28.296
  -1   -2   -176.870     97.114    -38.640
  -1   90   -252.996    -40.298    -36.118
  -1   91    -46.261     97.344    -38.178
  -1   -2      8.356    -31.090      9.405
  -1   -2     15.055    150.904    -23.146
  -1   -2      0.649    -34.979    -30.218
