94
   1  -157.065    27.030   -38.025   86   82   82   81
   2   -40.682   134.240   -38.246   10    8    7    9
   3  -242.276    69.956   -36.880   36   30   37   36
   4    -9.228   134.290   -37.490   11    9    6    8
   5    -1.878    58.991   -36.640   63   48   53   45
   6   -13.489    59.218   -37.038   61   43   47   41
   7     3.862    59.005   -36.430   66   47   54   42
   8  -217.585    70.136   -37.457   37   31   33   34
   9    -7.956    59.213   -36.866   62   44   48   40
  10   -22.957    58.095   -37.175   77   58   62   55
  11   -78.864    27.545   -37.875   87   81   83   80
  12   -98.093    28.910   -38.138   85   80   81   79
  13   -28.679    58.073   -37.205   76   59   60   56
  14  -192.743    69.764   -37.582   39   35   40   38
  15   -50.799    57.928   -37.446   73   61   59   58
  16   -40.307    58.298   -37.282   68   53   55   52
  17   -27.471    30.259   -37.246   84   79   80   78
  18   -74.875    59.060   -37.777   53   40   44   43
  19   -34.973    58.313   -37.252   70   54   56   49
  20   -56.521    57.909   -37.540   71   62   58   59
  21  -246.737    96.012   -37.206   19   24   28   28
  22   -40.605    30.878   -37.459   83   78   79   77
  23  -104.018    57.123   -38.121   75   70   72   66
  24   -33.623    98.765   -38.092   25   18   16   14
  25   -80.615    59.036   -37.881   51   41   43   44
  26    -5.011    98.800   -37.474   29   22   17   10
  27  -167.032    70.182   -37.690   38   33   36   35
  28  -109.691    57.100   -38.106   74   69   71   69
  29   -74.522    97.343   -38.758   31   28   24   24
  30  -211.689    56.801   -37.215   60   65   68   68
  31  -117.521    98.893   -38.711   14   12   12   18
  32  -136.982    58.238   -37.991   54   52   50   51
  33  -190.835    55.941   -37.407   78   72   75   73
  34  -185.098    55.953   -37.418   79   73   76   74
  35  -161.024    58.113   -37.698   50   50   52   53
  36   -49.972     0.269   -37.184   89   84   85   85
  37  -217.378    56.784   -37.137   59   64   67   65
  38  -236.159    56.693   -36.758   58   63   69   70
  39   -86.914    59.290   -38.013   45   39   41   39
  40  -241.904    56.670   -36.635   57   60   70   67
  41   -43.488    99.013   -38.262   20   14   11   11
  42  -142.696    58.219   -37.877   52   51   49   50
  43   -62.855    57.963   -37.661   69   57   57   57
  44  -223.823    56.966   -37.048   56   56   63   63
  45  -181.926    97.502   -38.495   16   15   20   25
  46  -248.308    56.905   -36.420   55   55   64   62
  47  -257.446   169.936   -38.023    4    3    5    7
  48  -166.766    58.087   -37.628   49   49   51   54
  49  -140.056    70.366   -37.992   40   34   34   33
  50   -14.867    98.839   -37.758   27   19   15   12
  51   -84.499    97.533   -38.557   28   26   21   21
  52  -115.990    57.365   -38.103   64   66   65   61
  53  -197.233    56.227   -37.370   72   71   74   72
  54  -132.782    99.070   -38.396   13   10   10   15
  55  -121.289    57.283   -38.118   65   67   66   64
  56  -127.428    99.151   -38.479   12   11    9   13
  57  -148.879    58.458   -37.795   47   45   45   47
  58  -130.179   -20.177   -37.660   93   88   89   91
  59  -172.933    58.269   -37.534   46   46   46   48
  60    -9.818    98.572   -37.648   30   25   19   17
  61   -59.860     0.342   -37.244   88   83   84   84
  62   -38.453    98.532   -38.166   26   21   18   19
  63  -111.797    70.163   -38.331   42   38   39   37
  64  -122.338    98.670   -38.585   15   13   14   20
  65   -79.390    97.122   -38.630   32   29   27   26
  66  -126.739   -27.440   -37.787   96   93   93   95
  67   -54.825     0.030   -37.293   90   85   86   86
  68  -137.072   -20.074   -37.416   92   87   88   90
  69  -136.176   -27.346   -37.465   95   91   91   94
  70  -139.664   -27.359   -37.047   97   92   92   93
  71   -48.675    98.742   -38.314   22   17   13   16
  72   -84.358    70.536   -38.096   43   36   35   32
  73   -92.052    58.988   -38.327   48   42   42   46
  74  -131.208   -27.771   -37.586   98   94   94   96
  75  -172.562    97.242   -37.607   17   16   23   27
  76   -10.846    57.571   -36.969   80   68   73   60
  77   -56.106    70.530   -37.632   44   37   38   31
  78  -237.565    95.726   -37.531   23   27   29   29
  79   -37.647    56.655   -37.278   82   74   77   71
  80  -123.706   -18.623   -37.887   91   86   87   89
  81  -118.683    55.697   -38.123   81   75   78   75
  82  -130.083    97.464   -38.357   21   23   22   23
  83   -31.490    71.378   -37.461   41   32   32   30
  84  -272.283   174.004   -37.790    0    0    0    2
  85    14.415   170.189   -37.751    6    4    4    5
  86  -134.526   -21.991   -37.540   94   90   90   92
  87    -1.717   171.897   -16.385    5    2    1    1
  88   -11.878   174.318   -28.296    1    1    3    4
  89  -176.870    97.114   -38.640   18   20   26   -1
  90  -252.996   -40.298   -36.118  101   96   95   -1
  91   -46.261    97.344   -38.178   33   -1   25   22
  92     8.356   -31.090     9.405  100   89   -1   98
  93    15.055   150.904   -23.146    8    6   -1    6
  94     0.649   -34.979   -30.218   99   95   -1   -1
