98
   1  -157.066    27.029   -38.016   86   84   83   85
   2   -40.685   134.238   -38.220   11    9    8   11
   3  -242.277    69.953   -36.876   36   31   38   40
   4    -9.228   134.289   -37.475   12   10    7   10
   5   -13.492    59.216   -37.027   61   44   48   45
   6    -1.880    58.993   -36.631   63   49   54   48
   7  -217.585    70.138   -37.460   37   32   34   38
   8   -22.959    58.098   -37.175   77   60   63   59
   9    -7.957    59.214   -36.860   62   45   49   44
  10   -78.864    27.546   -37.863   87   83   84   84
  11     3.859    59.009   -36.419   66   48   55   46
  12   -98.091    28.911   -38.137   85   82   82   83
  13  -192.745    69.762   -37.579   39   36   41   42
  14   -28.682    58.076   -37.200   76   59   62   60
  15   -50.799    57.927   -37.439   73   62   60   62
  16   -27.476    30.262   -37.224   84   81   81   82
  17   -40.307    58.299   -37.270   68   54   56   56
  18   -34.972    58.311   -37.241   70   56   57   53
  19   -56.527    57.908   -37.545   71   63   59   63
  20  -246.742    96.014   -37.202   20   25   30   32
  21   -74.876    59.063   -37.769   53   42   45   47
  22   -40.604    30.878   -37.452   83   80   80   81
  23   -33.626    98.764   -38.087   26   19   18   18
  24  -104.022    57.122   -38.104   75   72   73   69
  25  -167.034    70.183   -37.684   38   34   37   39
  26    -5.013    98.798   -37.465   30   23   19   14
  27   -80.617    59.034   -37.872   51   43   44   49
  28   -74.524    97.342   -38.745   32   29   26   28
  29  -109.693    57.101   -38.110   74   71   72   73
  30  -117.517    98.893   -38.707   15   13   14   22
  31  -211.690    56.802   -37.218   60   66   69   71
  32  -190.837    55.942   -37.389   78   74   76   77
  33  -136.983    58.236   -37.986   54   53   51   55
  34   -86.917    59.292   -38.002   45   40   42   43
  35   -49.972     0.269   -37.182   89   86   87   88
  36  -185.096    55.954   -37.410   79   75   77   78
  37  -236.159    56.696   -36.746   58   64   70   72
  38  -257.448   169.934   -38.005    4    3    6    9
  39  -161.027    58.109   -37.699   50   51   53   57
  40  -241.904    56.668   -36.624   57   61   71   74
  41  -217.382    56.785   -37.142   59   65   68   70
  42  -142.702    58.220   -37.863   52   52   50   54
  43   -43.487    99.011   -38.254   21   15   13   15
  44  -223.824    56.965   -37.041   56   57   64   67
  45  -166.769    58.087   -37.620   49   50   52   58
  46   -62.860    57.965   -37.644   69   58   58   61
  47  -181.930    97.502   -38.498   17   16   22   29
  48  -248.311    56.906   -36.411   55   55   65   66
  49   -14.870    98.842   -37.741   28   20   17   16
  50  -140.059    70.365   -37.978   40   35   35   37
  51   -84.502    97.530   -38.562   29   27   23   25
  52  -197.235    56.225   -37.364   72   73   75   76
  53  -127.433    99.153   -38.460   13   11   11   17
  54  -115.988    57.371   -38.112   64   68   66   65
  55  -132.782    99.072   -38.388   14   12   12   19
  56  -121.289    57.286   -38.108   65   69   67   68
  57  -148.881    58.457   -37.781   47   46   46   51
  58  -172.936    58.269   -37.524   46   47   47   52
  59   -59.865     0.345   -37.239   88   85   86   87
  60  -130.184   -20.174   -37.645   93   91   91   92
  61   -38.450    98.534   -38.155   27   22   20   23
  62    -9.820    98.569   -37.649   31   26   21   21
  63  -111.797    70.161   -38.319   42   39   40   41
  64  -122.336    98.670   -38.575   16   14   16   24
  65   -79.391    97.121   -38.627   33   30   29   30
  66  -126.736   -27.441   -37.790   96   96   95   96
  67   -54.822     0.032   -37.287   90   87   88   89
  68   -92.149    59.036   -38.365   48   41   43   50
  69  -137.070   -20.075   -37.393   92   90   90   91
  70  -136.179   -27.351   -37.452   95   94   94   95
  71   -48.677    98.744   -38.292   23   17   15   20
  72  -139.669   -27.355   -37.051   97   95   93   94
  73  -237.912    95.756   -36.478   24   28   31   33
  74   -84.362    70.537   -38.094   43   37   36   36
  75  -131.210   -27.770   -37.588   98   97   96   97
  76  -172.563    97.243   -37.605   18   18   25   31
  77   -10.849    57.570   -36.961   80   70   74   64
  78   -56.107    70.532   -37.635   44   38   39   35
  79   -37.649    56.656   -37.271   82   76   78   75
  80  -123.706   -18.621   -37.893   91   89   89   90
  81  -118.689    55.697   -38.121   81   77   79   79
  82  -130.086    97.464   -38.363   22   24   24   27
  83  -272.289   173.997   -37.776    0    0    0    3
  84   -31.490    71.379   -37.452   41   33   33   34
  85    14.595   170.143   -37.527    8    6    4    7
  86  -134.526   -21.989   -37.556   94   93   92   93
  87    -7.213   173.189   -33.271    5    1    1    1
  88     7.016   169.904   -30.091    7    5    5    5
  89   -11.853   173.278   -40.147    1    4    3    6
  90  -176.873    97.110   -38.627   19   21   28   -1
  91  -252.986   -40.302   -36.139  100  101   98   -1
  92   -46.259    97.346   -38.192   34   -1   27   26
  93     1.266   -34.218   -32.460   99   98   97   -1
  94   -89.527    57.622   -38.123   67   67   61   -1
  95  -263.945   104.504     9.200   25   -1   10   12
  96     6.495   175.781   -41.250    2    2   -1    2
  97    26.928   161.396   -73.571    6    7   -1    8
  98    35.703   -26.489   -37.033   -1   92   -1   98
