97
   1  -157.066    27.031   -38.013   88   83   83   83
   2   -40.683   134.242   -38.236   12    9    8   10
   3  -242.276    69.953   -36.867   38   30   38   38
   4    -9.230   134.290   -37.476   13   10    7    9
   5    -1.882    58.992   -36.633   65   48   54   46
   6   -13.490    59.215   -37.030   63   43   48   43
   7   -22.959    58.097   -37.161   79   59   63   57
   8  -217.586    70.138   -37.444   39   31   34   36
   9     3.860    59.010   -36.405   68   47   55   44
  10    -7.954    59.214   -36.854   64   44   49   42
  11   -78.864    27.547   -37.867   89   82   84   82
  12   -98.091    28.911   -38.132   87   81   82   81
  13   -28.682    58.076   -37.189   78   58   61   58
  14  -192.746    69.764   -37.578   41   35   41   40
  15   -50.799    57.929   -37.433   75   61   60   60
  16   -40.311    58.300   -37.269   70   53   56   54
  17   -27.474    30.260   -37.229   86   80   81   80
  18   -74.881    59.063   -37.767   54   41   45   45
  19  -246.741    96.008   -37.197   21   24   29   30
  20   -56.528    57.909   -37.544   73   62   59   61
  21   -34.974    58.317   -37.233   72   54   57   51
  22   -33.625    98.764   -38.095   27   18   17   16
  23   -40.613    30.878   -37.451   85   79   80   79
  24   -80.618    59.035   -37.874   53   42   44   47
  25  -104.022    57.121   -38.111   77   71   73   68
  26  -167.033    70.181   -37.688   40   33   37   37
  27    -5.011    98.800   -37.454   31   22   18   12
  28   -74.523    97.343   -38.759   33   28   25   26
  29  -109.693    57.100   -38.097   76   70   72   70
  30  -117.522    98.896   -38.703   16   13   12   20
  31  -211.691    56.802   -37.217   62   65   69   69
  32   -49.974     0.268   -37.186   91   85   87   86
  33  -136.981    58.236   -37.981   56   52   51   52
  34  -217.378    56.785   -37.134   61   64   68   67
  35  -190.837    55.939   -37.405   80   73   76   75
  36  -236.159    56.693   -36.755   60   63   70   72
  37   -86.915    59.293   -37.997   47   39   42   41
  38  -185.095    55.952   -37.410   81   74   77   76
  39  -257.450   169.935   -38.014    3    3    6    8
  40  -161.022    58.113   -37.682   52   50   52   55
  41  -241.906    56.669   -36.622   59   60   71   71
  42   -43.489    99.010   -38.245   22   15   13   13
  43  -142.700    58.218   -37.872   55   51   50   53
  44   -62.857    57.958   -37.651   71   57   58   59
  45  -166.768    58.084   -37.616   51   49   53   56
  46  -223.825    56.964   -37.028   58   56   64   65
  47  -181.931    97.502   -38.482   18   16   21   27
  48  -248.313    56.902   -36.411   57   55   65   64
  49   -14.872    98.845   -37.753   29   20   16   14
  50  -140.059    70.365   -37.978   42   34   35   35
  51  -115.992    57.366   -38.099   66   67   66   63
  52  -197.233    56.222   -37.365   74   72   75   74
  53   -84.500    97.530   -38.561   30   26   22   23
  54  -132.784    99.072   -38.389   14   11   11   17
  55  -127.430    99.150   -38.456   15   12   10   15
  56  -121.291    57.284   -38.112   67   68   67   66
  57  -148.879    58.457   -37.779   49   45   46   49
  58   -59.865     0.344   -37.235   90   84   86   85
  59  -130.181   -20.171   -37.657   95   90   91   92
  60  -172.934    58.270   -37.519   48   46   47   50
  61    -9.820    98.570   -37.631   32   25   20   19
  62  -111.797    70.164   -38.322   43   38   40   39
  63   -38.455    98.535   -38.151   28   21   19   21
  64   -79.391    97.120   -38.615   34   29   28   28
  65  -122.339    98.672   -38.568   17   14   15   22
  66   -54.825     0.029   -37.264   92   86   88   87
  67   -92.150    59.039   -38.361   50   40   43   48
  68  -137.072   -20.076   -37.393   94   89   90   91
  69  -136.178   -27.350   -37.465   97   93   94   96
  70   -48.674    98.743   -38.305   24   17   14   18
  71  -139.663   -27.360   -37.055   99   94   95   95
  72   -84.363    70.538   -38.086   45   36   36   34
  73   -10.853    57.571   -36.964   82   69   74   62
  74  -127.077   -27.449   -38.765   98   95   96   97
  75   -56.104    70.528   -37.622   46   37   39   33
  76  -237.565    95.728   -37.527   25   27   30   31
  77   -37.649    56.656   -37.267   84   75   78   73
  78  -172.982    97.299   -38.648   19   19   24   29
  79  -123.704   -18.618   -37.874   93   88   89   90
  80  -118.686    55.699   -38.119   83   76   79   77
  81  -130.085    97.463   -38.354   23   23   23   25
  82   -31.493    71.381   -37.423   44   32   33   32
  83  -272.268   173.994   -37.708    0    0    1    2
  84    14.455   170.161   -37.625    8    5    5    5
  85  -134.524   -21.985   -37.525   96   92   92   93
  86    -7.328   173.222   -33.447    4    1    2    1
  87     0.636   -31.253   -18.516  101   96   98   94
  88   -15.535   170.940   -38.911    5    4    4    4
  89     6.125   176.386   -47.094    2    2    0    7
  90  -131.300   -27.711   -37.531  100   -1   97   98
  91  -252.976   -40.306   -36.135  102  100   99   -1
  92   -46.258    97.344   -38.169   35   -1   26   24
  93   -89.523    57.622   -38.124   69   66   62   -1
  94  -247.445    97.800     2.329   26   -1   31   11
  95    23.049   161.131   -71.175    7    7   -1    6
  96     3.151   -28.642    -1.015   -1   97   93   -1
  97    54.266   -28.794    65.547   -1   87   -1   99
