93
   1  -157.064    27.029   -38.019   86   82   82   81
   2   -40.685   134.238   -38.240   11    8    7    9
   3  -242.275    69.955   -36.876   36   30   37   36
   4    -9.228   134.290   -37.488   12    9    6    8
   5    -1.879    58.990   -36.633   63   48   53   45
   6     3.863    59.006   -36.429   66   47   54   42
   7   -13.491    59.216   -37.033   61   43   47   41
   8  -217.584    70.136   -37.455   37   31   33   34
   9   -22.956    58.096   -37.173   77   58   62   55
  10   -78.864    27.544   -37.870   87   81   83   80
  11    -7.954    59.213   -36.862   62   44   48   40
  12   -98.092    28.910   -38.140   85   80   81   79
  13   -28.680    58.073   -37.206   76   59   60   56
  14  -192.744    69.763   -37.583   39   35   40   38
  15   -50.800    57.927   -37.438   73   61   59   58
  16   -40.307    58.298   -37.277   68   53   55   52
  17   -27.471    30.259   -37.239   84   79   80   78
  18   -74.872    59.060   -37.770   53   40   44   43
  19   -56.524    57.907   -37.537   71   62   58   59
  20   -34.973    58.313   -37.248   70   54   56   49
  21  -246.736    96.013   -37.208   20   24   28   28
  22   -40.604    30.877   -37.453   83   78   79   77
  23   -33.626    98.762   -38.090   26   18   16   14
  24  -104.018    57.122   -38.116   75   70   72   66
  25  -167.032    70.182   -37.690   38   33   36   35
  26   -80.616    59.034   -37.872   51   41   43   44
  27    -5.012    98.799   -37.469   30   22   17   10
  28  -109.690    57.100   -38.100   74   69   71   69
  29   -74.524    97.341   -38.750   32   28   24   24
  30  -211.689    56.801   -37.214   60   65   68   68
  31  -117.520    98.892   -38.700   15   12   12   18
  32  -136.983    58.236   -37.983   54   52   50   51
  33   -49.972     0.268   -37.177   89   84   85   85
  34  -190.835    55.940   -37.402   78   72   75   73
  35  -185.097    55.953   -37.414   79   73   76   74
  36  -161.024    58.112   -37.693   50   50   52   53
  37  -217.378    56.784   -37.136   59   64   67   65
  38   -86.914    59.290   -38.014   45   39   41   39
  39  -236.158    56.692   -36.751   58   63   69   70
  40  -241.903    56.669   -36.629   57   60   70   67
  41   -43.488    99.011   -38.256   21   14   11   11
  42  -142.697    58.218   -37.877   52   51   49   50
  43  -257.446   169.931   -38.003    4    3    5    7
  44  -223.824    56.965   -37.044   56   56   63   63
  45   -62.856    57.961   -37.654   69   57   57   57
  46  -181.927    97.502   -38.491   17   15   20   25
  47  -166.767    58.085   -37.624   49   49   51   54
  48  -248.309    56.904   -36.417   55   55   64   62
  49  -140.057    70.365   -37.988   40   34   34   33
  50   -84.500    97.532   -38.553   29   26   21   21
  51   -14.866    98.839   -37.753   28   19   15   12
  52  -197.233    56.226   -37.365   72   71   74   72
  53  -115.988    57.368   -38.110   64   66   65   61
  54  -132.782    99.070   -38.395   14   10   10   15
  55  -121.286    57.285   -38.122   65   67   66   64
  56  -127.429    99.151   -38.480   13   11    9   13
  57  -148.880    58.456   -37.788   47   45   45   47
  58  -172.932    58.268   -37.528   46   46   46   48
  59  -130.176   -20.176   -37.652   93   88   89   91
  60   -59.861     0.341   -37.244   88   83   84   84
  61    -9.820    98.569   -37.641   31   25   19   17
  62   -38.451    98.533   -38.159   27   21   18   19
  63  -111.798    70.162   -38.326   42   38   39   37
  64  -122.338    98.669   -38.579   16   13   14   20
  65   -79.389    97.122   -38.629   33   29   27   26
  66  -126.739   -27.440   -37.785   96   93   93   95
  67   -54.823     0.031   -37.293   90   85   86   86
  68  -137.071   -20.073   -37.418   92   87   88   90
  69  -136.178   -27.349   -37.451   95   91   91   94
  70  -139.664   -27.359   -37.050   97   92   92   93
  71   -48.674    98.741   -38.311   23   17   13   16
  72   -84.359    70.535   -38.093   43   36   35   32
  73   -92.051    58.989   -38.333   48   42   42   46
  74  -131.208   -27.771   -37.580   98   94   94   96
  75   -10.848    57.570   -36.964   80   68   73   60
  76  -172.563    97.241   -37.602   18   16   23   27
  77   -56.105    70.530   -37.627   44   37   38   31
  78  -237.565    95.726   -37.531   24   27   29   29
  79   -37.647    56.654   -37.269   82   74   77   71
  80  -123.707   -18.623   -37.890   91   86   87   89
  81  -118.684    55.695   -38.115   81   75   78   75
  82  -130.084    97.463   -38.352   22   23   22   23
  83   -31.492    71.378   -37.466   41   32   32   30
  84  -272.284   174.002   -37.787    0    0    0    2
  85    14.448   170.183   -37.604    8    4    4    5
  86  -134.521   -21.988   -37.541   94   90   90   92
  87    -7.261   173.219   -33.239    5    1    1    1
  88    -7.616   170.935    -4.170    7    2    3    4
  89  -176.873    97.111   -38.629   19   20   26   -1
  90  -252.991   -40.297   -36.102  100   96   95   -1
  91   -46.262    97.345   -38.182   34   -1   25   22
  92    25.944   161.444   -70.653    6    6   -1    3
  93     0.619   -34.991   -30.007   99   95   -1   -1
