93
   0    0   -157.487     27.326    -77.023 4
   1    1    -41.244    134.387    -77.162 4
   3    3   -242.505     70.178    -75.810 4
   2    2     -9.840    134.445    -76.445 4
   4    4   -217.869     70.367    -76.375 4
   5    5    -79.353     27.844    -76.774 4
   6    6    -98.566     29.219    -76.991 4
   7    7   -193.052     69.997    -76.495 4
   8    8      3.214     59.275    -75.277 4
   9   10    -23.561     58.367    -76.049 4
  10    9     -2.499     59.259    -75.516 4
  11   11    -50.517      0.637    -76.093 4
  13   14    -28.049     30.566    -76.126 4
  14   12    -51.353     58.200    -76.351 4
  12   13   -167.368     70.418    -76.618 4
  17   15    -14.102     59.481    -75.920 4
  15   16    -41.174     31.179    -76.359 4
  16   17    -29.253     58.350    -76.065 4
  18   19     -5.654     99.004    -76.379 4
  19   18    -75.381     59.330    -76.650 4
  22   21    -57.058     58.185    -76.473 4
  23   20   -246.971     96.194    -76.142 4
  20   25   -236.393     56.943    -75.666 4
  21   22    -34.198     98.967    -76.977 4
  24   24   -242.119     56.915    -75.552 4
  26   28     -8.568     59.485    -75.761 4
  25   27    -40.878     58.566    -76.153 4
  27   26   -257.690    169.990    -76.946 4
  28   23   -217.641     57.038    -76.073 4
  30   29   -211.975     57.057    -76.138 4
  29   30    -75.033     97.548    -77.639 4
  31   32   -137.370     58.506    -76.883 4
  33   35   -248.536     57.163    -75.302 4
  37   38    -81.098     59.313    -76.766 4
  35   37   -161.375     58.374    -76.614 4
  32   33   -185.417     56.220    -76.344 4
  34   36   -191.126     56.203    -76.322 4
  40   39   -167.086     58.350    -76.540 4
  36   34    -35.539     58.583    -76.125 4
  39   40   -143.082     58.487    -76.796 4
  38   41   -224.088     57.215    -75.934 4
  41   42   -182.262     97.686    -77.422 4
  42   43   -130.572    -19.803    -76.527 4
  43   44   -197.538     56.482    -76.276 4
  44   45   -140.459     70.593    -76.869 4
  45   46    -87.410     59.556    -76.919 4
  46   47    -44.050     99.208    -77.177 4
  47   52   -149.266     58.717    -76.661 4
  50   48   -116.424     57.634    -77.048 4
  57   56   -133.184     99.257    -77.309 4
  51   50    -60.417      0.680    -76.161 4
  56   54    -84.997     97.728    -77.492 4
  49   49    -63.385     58.229    -76.542 4
  52   55   -127.847     99.337    -77.394 4
  -1   -2   -121.719     57.546    -77.036 4
  53   57   -173.266     58.517    -76.438 4
  -1   -2   -128.657    -27.139    -76.592 4
  55   53    -15.480     99.036    -76.679 4
  58   58    -55.351      0.393    -76.078 4
  61   59    -10.449     98.767    -76.586 4
  60   60   -112.230     70.402    -77.265 4
  -1   -2   -238.246     95.845    -77.421 4
  62   61    -39.040     98.732    -77.087 4
  64   63   -137.472    -19.705    -76.247 4
  63   65    -79.890     97.316    -77.531 4
  -1   -2    -92.606     59.274    -76.972 4
  -1   -2    -49.212     98.913    -76.974 4
  67   68   -136.558    -26.944    -76.264 4
  66   69   -140.040    -26.979    -75.958 4
  70   72    -84.857     70.776    -77.016 4
  -1   -2   -173.312     97.494    -77.642 4
  -1   -2   -118.772     99.056    -77.761 4
  -1   -2   -105.836     57.181    -76.937 4
  73   74   -124.126    -18.233    -76.733 4
  74   76    -56.659     70.769    -76.579 4
  75   75    -11.486     57.844    -75.842 4
  76   77    -38.240     56.934    -76.139 4
  77   89   -119.118     55.968    -77.037 4
  78   78   -130.491     97.650    -77.283 4
  79   79   -272.457    174.053    -76.718 4
  -1   -2     13.832    170.300    -76.949 4
  80   81    -32.076     71.623    -76.328 4
  -1   -2      0.246    -30.498    -57.390 4
  -1   -2     -7.830    173.297    -72.047 4
  83   82   -134.904    -21.582    -76.278 4
  -1   -2     -2.279    172.268    -58.233 4
  84   85    -79.474    134.085    -77.963 4
  88   88   -253.204    -39.902    -75.108 4
  -1   -2   -135.795     34.135     -5.166 4
  -1   -2      4.389    -30.878      1.141 4
  -1   -2     14.874    151.301    -62.945 4
  -1   -2   -272.954     34.921    -55.504 4
  -1   -2     54.224    -28.851     65.227 4
