94
   0   -2   -157.486     27.329    -77.028 4
   1   -2    -41.244    134.387    -77.154 4
   3   -2     -9.838    134.446    -76.448 4
   2   -2   -242.505     70.179    -75.816 4
   4   -2   -217.870     70.366    -76.378 4
   5   -2    -79.355     27.848    -76.774 4
   6   -2    -98.563     29.220    -76.993 4
   7   -2   -193.054     69.996    -76.496 4
   8   -2      3.215     59.276    -75.286 4
  10   -2     -2.497     59.261    -75.518 4
   9   -2    -23.563     58.368    -76.065 4
  11   -2    -50.514      0.634    -76.078 4
  13   -2    -51.351     58.204    -76.366 4
  14   -2   -167.366     70.416    -76.618 4
  12   -2    -28.050     30.562    -76.129 4
  15   -2    -14.101     59.483    -75.923 4
  16   -2    -41.175     31.180    -76.352 4
  17   -2    -29.250     58.348    -76.056 4
  19   -2    -75.386     59.330    -76.641 4
  18   -2     -5.651     99.004    -76.387 4
  21   -2   -246.967     96.196    -76.142 4
  20   -2    -57.062     58.186    -76.461 4
  23   -2    -34.205     98.965    -76.989 4
  28   -2   -217.639     57.039    -76.073 4
  24   -2   -242.113     56.916    -75.548 4
  22   -2   -236.392     56.943    -75.681 4
  27   -2   -257.688    169.989    -76.949 4
  26   -2    -40.875     58.570    -76.154 4
  25   -2     -8.568     59.483    -75.762 4
  29   -2   -211.979     57.057    -76.143 4
  30   -2    -75.030     97.550    -77.646 4
  -1   -2    -92.534     59.248    -77.278 4
  31   -2   -137.368     58.505    -76.890 4
  35   -2   -185.416     56.220    -76.340 4
  38   -2    -35.540     58.582    -76.108 4
  32   -2   -248.536     57.162    -75.316 4
  36   -2   -191.126     56.204    -76.332 4
  34   -2   -161.377     58.378    -76.616 4
  33   -2    -81.103     59.311    -76.770 4
  37   -2   -167.082     58.349    -76.548 4
  39   -2   -143.085     58.488    -76.790 4
  40   -2   -224.087     57.218    -75.924 4
  41   -2   -182.261     97.689    -77.432 4
  42   -2   -130.578    -19.801    -76.528 4
  43   -2   -197.537     56.483    -76.266 4
  44   -2   -140.458     70.594    -76.874 4
  45   -2    -87.409     59.556    -76.930 4
  46   -2    -44.049     99.212    -77.181 4
  48   -2   -116.426     57.635    -77.019 4
  52   -2    -63.386     58.229    -76.547 4
  50   -2    -60.409      0.678    -76.168 4
  -1   -2   -121.689     57.524    -77.268 4
  47   -2   -149.265     58.717    -76.667 4
  57   -2    -15.477     99.038    -76.679 4
  51   -2    -84.997     97.729    -77.489 4
  53   -2   -127.850     99.341    -77.419 4
  49   -2   -133.181     99.257    -77.322 4
  55   -2   -173.268     58.519    -76.433 4
  58   -2    -55.351      0.392    -76.082 4
  59   -2    -10.450     98.761    -76.582 4
  60   -2   -112.231     70.402    -77.260 4
  62   -2    -39.041     98.726    -77.085 4
  -1   -2   -238.244     95.845    -77.420 4
  63   -2   -137.466    -19.705    -76.254 4
  -1   -2    -49.261     98.939    -77.276 4
  64   -2    -79.892     97.316    -77.516 4
  -1   -2   -173.703     97.396    -76.471 4
  -1   -2     -5.820    171.733    -77.732 4
  67   -2   -136.560    -26.950    -76.289 4
  68   -2   -140.038    -26.978    -75.955 4
  -1   -2   -128.290    -27.210    -77.628 4
  -1   -2   -118.384     99.000    -76.717 4
  69   -2    -84.852     70.776    -77.016 4
  -1   -2   -105.132     57.284    -78.673 4
  73   -2   -124.120    -18.232    -76.724 4
  75   -2    -11.483     57.845    -75.837 4
  74   -2    -56.661     70.775    -76.573 4
  76   -2    -38.232     56.932    -76.139 4
  78   -2   -130.490     97.652    -77.287 4
  79   -2   -272.441    174.055    -76.657 4
  -1   -2     13.873    170.291    -76.804 4
  81   -2    -32.076     71.628    -76.329 4
  84   -2   -134.900    -21.583    -76.274 4
  -1   -2   -105.461     58.301    -64.408 4
  -1   -2     -0.957    170.672    -62.808 4
  86   -2    -79.474    134.088    -77.963 4
  -1   -2      1.328    -33.456    -73.993 4
  -1   -2   -122.656     98.870    -77.738 4
  87   -2   -253.203    -39.897    -75.068 4
  77   -2   -119.015     55.969    -77.215 4
  -1   -2      3.261    172.021    -64.893 4
  -1   -2      4.853    -29.471     -2.508 4
  -1   -2   -286.557     24.036      9.158 4
  -1   -2     30.410    -28.556    -13.800 4
