94
   0   -2   -157.486     27.329    -77.028
   1   -2    -41.244    134.387    -77.154
   3   -2     -9.838    134.446    -76.448
   2   -2   -242.505     70.179    -75.816
   4   -2   -217.870     70.366    -76.378
   5   -2    -79.355     27.848    -76.774
   6   -2    -98.563     29.220    -76.993
   7   -2   -193.054     69.996    -76.496
   8   -2      3.215     59.276    -75.286
  10   -2     -2.497     59.261    -75.518
   9   -2    -23.563     58.368    -76.065
  11   -2    -50.514      0.634    -76.078
  13   -2    -51.351     58.204    -76.366
  14   -2   -167.366     70.416    -76.618
  12   -2    -28.050     30.562    -76.129
  15   -2    -14.101     59.483    -75.923
  16   -2    -41.175     31.180    -76.352
  17   -2    -29.250     58.348    -76.056
  19   -2    -75.386     59.330    -76.641
  18   -2     -5.651     99.004    -76.387
  21   -2   -246.967     96.196    -76.142
  20   -2    -57.062     58.186    -76.461
  23   -2    -34.205     98.965    -76.989
  28   -2   -217.639     57.039    -76.073
  24   -2   -242.113     56.916    -75.548
  22   -2   -236.392     56.943    -75.681
  27   -2   -257.688    169.989    -76.949
  26   -2    -40.875     58.570    -76.154
  25   -2     -8.568     59.483    -75.762
  29   -2   -211.979     57.057    -76.143
  30   -2    -75.030     97.550    -77.646
  -1   -2    -92.534     59.248    -77.278
  31   -2   -137.368     58.505    -76.890
  35   -2   -185.416     56.220    -76.340
  38   -2    -35.540     58.582    -76.108
  32   -2   -248.536     57.162    -75.316
  36   -2   -191.126     56.204    -76.332
  34   -2   -161.377     58.378    -76.616
  33   -2    -81.103     59.311    -76.770
  37   -2   -167.082     58.349    -76.548
  39   -2   -143.085     58.488    -76.790
  40   -2   -224.087     57.218    -75.924
  41   -2   -182.261     97.689    -77.432
  42   -2   -130.578    -19.801    -76.528
  43   -2   -197.537     56.483    -76.266
  44   -2   -140.458     70.594    -76.874
  45   -2    -87.409     59.556    -76.930
  46   -2    -44.049     99.212    -77.181
  48   -2   -116.426     57.635    -77.019
  52   -2    -63.386     58.229    -76.547
  50   -2    -60.409      0.678    -76.168
  -1   -2   -121.689     57.524    -77.268
  47   -2   -149.265     58.717    -76.667
  57   -2    -15.477     99.038    -76.679
  51   -2    -84.997     97.729    -77.489
  53   -2   -127.850     99.341    -77.419
  49   -2   -133.181     99.257    -77.322
  55   -2   -173.268     58.519    -76.433
  58   -2    -55.351      0.392    -76.082
  59   -2    -10.450     98.761    -76.582
  60   -2   -112.231     70.402    -77.260
  62   -2    -39.041     98.726    -77.085
  -1   -2   -238.244     95.845    -77.420
  63   -2   -137.466    -19.705    -76.254
  -1   -2    -49.261     98.939    -77.276
  64   -2    -79.892     97.316    -77.516
  -1   -2   -173.703     97.396    -76.471
  -1   -2     -5.820    171.733    -77.732
  67   -2   -136.560    -26.950    -76.289
  68   -2   -140.038    -26.978    -75.955
  -1   -2   -128.290    -27.210    -77.628
  -1   -2   -118.384     99.000    -76.717
  69   -2    -84.852     70.776    -77.016
  -1   -2   -105.132     57.284    -78.673
  73   -2   -124.120    -18.232    -76.724
  75   -2    -11.483     57.845    -75.837
  74   -2    -56.661     70.775    -76.573
  76   -2    -38.232     56.932    -76.139
  78   -2   -130.490     97.652    -77.287
  79   -2   -272.441    174.055    -76.657
  -1   -2     13.873    170.291    -76.804
  81   -2    -32.076     71.628    -76.329
  84   -2   -134.900    -21.583    -76.274
  -1   -2   -105.461     58.301    -64.408
  -1   -2     -0.957    170.672    -62.808
  86   -2    -79.474    134.088    -77.963
  -1   -2      1.328    -33.456    -73.993
  -1   -2   -122.656     98.870    -77.738
  87   -2   -253.203    -39.897    -75.068
  77   -2   -119.015     55.969    -77.215
  -1   -2      3.261    172.021    -64.893
  -1   -2      4.853    -29.471     -2.508
  -1   -2   -286.557     24.036      9.158
  -1   -2     30.410    -28.556    -13.800
