94
  -1    0   -157.488     27.328    -77.021
  -1    1    -41.243    134.387    -77.163
  -1    3     -9.839    134.444    -76.444
  -1    2   -242.506     70.177    -75.812
  -1    4   -217.871     70.367    -76.370
  -1    5    -79.356     27.845    -76.772
  -1    6    -98.567     29.220    -77.000
  -1    7   -193.056     69.996    -76.493
  -1    8      3.207     59.275    -75.288
  -1    9    -23.563     58.370    -76.053
  -1   10     -2.498     59.260    -75.526
  -1   11    -50.512      0.634    -76.076
  -1   14   -167.369     70.417    -76.628
  -1   12    -28.050     30.567    -76.135
  -1   13    -51.354     58.201    -76.360
  -1   16    -41.172     31.180    -76.355
  -1   17    -29.252     58.352    -76.064
  -1   15    -14.103     59.483    -75.924
  -1   18     -5.651     99.003    -76.389
  -1   19    -75.388     59.329    -76.647
  -1   22   -236.394     56.942    -75.678
  -1   23    -34.205     98.964    -76.987
  -1   20    -57.065     58.184    -76.452
  -1   21   -246.969     96.197    -76.149
  -1   24   -242.114     56.916    -75.550
  -1   26    -40.879     58.567    -76.157
  -1   25     -8.570     59.488    -75.766
  -1   27   -257.692    169.993    -76.938
  -1   28   -217.639     57.039    -76.076
  -1   30    -75.032     97.551    -77.641
  -1   29   -211.977     57.058    -76.138
  -1   31   -137.369     58.505    -76.893
  -1   35   -185.417     56.220    -76.335
  -1   32   -248.537     57.161    -75.318
  -1   36   -191.129     56.205    -76.320
  -1   34   -161.378     58.375    -76.613
  -1   38    -35.543     58.581    -76.132
  -1   33    -81.105     59.310    -76.767
  -1   40   -224.089     57.215    -75.925
  -1   39   -143.085     58.489    -76.795
  -1   37   -167.084     58.348    -76.547
  -1   41   -182.265     97.686    -77.429
  -1   42   -130.576    -19.802    -76.533
  -1   43   -197.539     56.481    -76.256
  -1   44   -140.462     70.593    -76.870
  -1   45    -87.409     59.558    -76.934
  -1   46    -44.051     99.210    -77.200
  -1   47   -149.266     58.716    -76.665
  -1   -2   -128.664    -27.144    -76.591
  -1   52    -63.387     58.229    -76.556
  -1   48   -116.426     57.640    -77.042
  -1   50    -60.414      0.681    -76.171
  -1   53   -127.849     99.339    -77.413
  -1   55   -173.270     58.519    -76.429
  -1   -2   -121.719     57.545    -77.036
  -1   57    -15.478     99.036    -76.677
  -1   51    -84.999     97.730    -77.503
  -1   49   -133.185     99.258    -77.323
  -1   58    -55.353      0.391    -76.087
  -1   -2    -92.635     59.294    -77.248
  -1   60   -112.234     70.403    -77.262
  -1   59    -10.451     98.765    -76.576
  -1   62    -39.039     98.732    -77.106
  -1   64    -79.890     97.319    -77.529
  -1   63   -137.471    -19.709    -76.251
  -1   -2    -49.235     98.944    -77.267
  -1   68   -140.044    -26.982    -75.955
  -1   67   -136.555    -26.945    -76.294
  -1   -2   -118.385     99.000    -76.728
  -1   -2   -237.793     95.915    -76.476
  -1   69    -84.854     70.778    -77.030
  -1   -2   -173.314     97.495    -77.652
  -1   -2   -105.190     57.293    -75.259
  -1   73   -124.129    -18.233    -76.745
  -1   74    -56.663     70.774    -76.566
  -1   75    -11.483     57.843    -75.839
  -1   76    -38.236     56.937    -76.139
  -1   77   -119.121     55.965    -77.022
  -1   78   -130.492     97.650    -77.287
  -1   79   -272.446    174.042    -76.733
  -1   81    -32.067     71.624    -76.336
  -1   -2     13.902    170.280    -76.734
  -1   -2     -8.035    173.363    -72.371
  -1   84   -134.910    -21.581    -76.278
  -1   86    -79.471    134.087    -77.965
  -1   -2   -110.026     57.379    -77.198
  -1   -2      1.326    -33.451    -73.988
  -1   -2   -122.654     98.868    -77.747
  -1   87   -253.192    -39.899    -75.091
  -1   -2    -46.869     97.566    -77.032
  -1   -2    -89.977     57.880    -77.115
  -1   -2      2.568    172.425    -67.131
  -1   -2      4.838    -29.298     -1.232
  -1   -2   -272.972     34.867    -55.547
