93
   0    0   -157.487     27.326    -77.023
   1    1    -41.244    134.387    -77.162
   3    3   -242.505     70.178    -75.810
   2    2     -9.840    134.445    -76.445
   4    4   -217.869     70.367    -76.375
   5    5    -79.353     27.844    -76.774
   6    6    -98.566     29.219    -76.991
   7    7   -193.052     69.997    -76.495
   8    8      3.214     59.275    -75.277
   9   10    -23.561     58.367    -76.049
  10    9     -2.499     59.259    -75.516
  11   11    -50.517      0.637    -76.093
  13   14    -28.049     30.566    -76.126
  14   12    -51.353     58.200    -76.351
  12   13   -167.368     70.418    -76.618
  17   15    -14.102     59.481    -75.920
  15   16    -41.174     31.179    -76.359
  16   17    -29.253     58.350    -76.065
  18   19     -5.654     99.004    -76.379
  19   18    -75.381     59.330    -76.650
  22   21    -57.058     58.185    -76.473
  23   20   -246.971     96.194    -76.142
  20   25   -236.393     56.943    -75.666
  21   22    -34.198     98.967    -76.977
  24   24   -242.119     56.915    -75.552
  26   28     -8.568     59.485    -75.761
  25   27    -40.878     58.566    -76.153
  27   26   -257.690    169.990    -76.946
  28   23   -217.641     57.038    -76.073
  30   29   -211.975     57.057    -76.138
  29   30    -75.033     97.548    -77.639
  31   32   -137.370     58.506    -76.883
  33   35   -248.536     57.163    -75.302
  37   38    -81.098     59.313    -76.766
  35   37   -161.375     58.374    -76.614
  32   33   -185.417     56.220    -76.344
  34   36   -191.126     56.203    -76.322
  40   39   -167.086     58.350    -76.540
  36   34    -35.539     58.583    -76.125
  39   40   -143.082     58.487    -76.796
  38   41   -224.088     57.215    -75.934
  41   42   -182.262     97.686    -77.422
  42   43   -130.572    -19.803    -76.527
  43   44   -197.538     56.482    -76.276
  44   45   -140.459     70.593    -76.869
  45   46    -87.410     59.556    -76.919
  46   47    -44.050     99.208    -77.177
  47   52   -149.266     58.717    -76.661
  50   48   -116.424     57.634    -77.048
  57   56   -133.184     99.257    -77.309
  51   50    -60.417      0.680    -76.161
  56   54    -84.997     97.728    -77.492
  49   49    -63.385     58.229    -76.542
  52   55   -127.847     99.337    -77.394
  -1   -2   -121.719     57.546    -77.036
  53   57   -173.266     58.517    -76.438
  -1   -2   -128.657    -27.139    -76.592
  55   53    -15.480     99.036    -76.679
  58   58    -55.351      0.393    -76.078
  61   59    -10.449     98.767    -76.586
  60   60   -112.230     70.402    -77.265
  -1   -2   -238.246     95.845    -77.421
  62   61    -39.040     98.732    -77.087
  64   63   -137.472    -19.705    -76.247
  63   65    -79.890     97.316    -77.531
  -1   -2    -92.606     59.274    -76.972
  -1   -2    -49.212     98.913    -76.974
  67   68   -136.558    -26.944    -76.264
  66   69   -140.040    -26.979    -75.958
  70   72    -84.857     70.776    -77.016
  -1   -2   -173.312     97.494    -77.642
  -1   -2   -118.772     99.056    -77.761
  -1   -2   -105.836     57.181    -76.937
  73   74   -124.126    -18.233    -76.733
  74   76    -56.659     70.769    -76.579
  75   75    -11.486     57.844    -75.842
  76   77    -38.240     56.934    -76.139
  77   89   -119.118     55.968    -77.037
  78   78   -130.491     97.650    -77.283
  79   79   -272.457    174.053    -76.718
  -1   -2     13.832    170.300    -76.949
  80   81    -32.076     71.623    -76.328
  -1   -2      0.246    -30.498    -57.390
  -1   -2     -7.830    173.297    -72.047
  83   82   -134.904    -21.582    -76.278
  -1   -2     -2.279    172.268    -58.233
  84   85    -79.474    134.085    -77.963
  88   88   -253.204    -39.902    -75.108
  -1   -2   -135.795     34.135     -5.166
  -1   -2      4.389    -30.878      1.141
  -1   -2     14.874    151.301    -62.945
  -1   -2   -272.954     34.921    -55.504
  -1   -2     54.224    -28.851     65.227
