92
   1  -157.487    27.328   -77.018   83   81   81   80
   2   -41.242   134.387   -77.158   11    7    6    8
   3    -9.838   134.444   -76.441   12    8    5    7
   4  -242.505    70.178   -75.810   35   28   37   35
   5  -217.871    70.367   -76.368   36   29   34   33
   6   -79.355    27.846   -76.774   84   80   82   79
   7   -98.566    29.220   -76.994   82   79   80   78
   8  -193.055    69.997   -76.494   38   33   39   37
   9     3.210    59.276   -75.284   65   45   53   43
  10   -23.566    58.368   -76.047   74   56   60   54
  11    -2.500    59.258   -75.511   63   46   52   44
  12   -50.515     0.634   -76.092   87   83   85   82
  13  -167.368    70.416   -76.619   37   31   35   34
  14   -28.050    30.565   -76.125   81   78   79   76
  15   -51.354    58.200   -76.356   71   59   59   57
  16   -41.171    31.180   -76.349   80   77   78   75
  17   -29.253    58.351   -76.062   73   55   58   55
  18   -14.103    59.483   -75.924   60   41   45   40
  19    -5.650    99.003   -76.382   29   19   16   10
  20   -75.386    59.330   -76.642   52   39   43   41
  21   -57.064    58.186   -76.463   70   58   57   58
  22  -236.392    56.942   -75.671   57   61   68   67
  23  -246.968    96.195   -76.140   20   23   27   27
  24  -242.115    56.915   -75.546   56   60   69   66
  25   -40.879    58.566   -76.147   67   51   54   52
  26   -34.200    98.964   -76.969   25   15   15   14
  27  -217.639    57.039   -76.069   58   63   66   65
  28   -75.034    97.549   -77.640   30   26   23   23
  29    -8.570    59.486   -75.754   61   42   46   39
  30  -257.692   169.993   -76.941    2    3    4    6
  31  -211.975    57.058   -76.132   59   64   67   64
  32  -137.369    58.505   -76.890   53   50   48   49
  33  -185.415    56.222   -76.337   76   72   75   71
  34  -248.536    57.161   -75.310   54   53   64   60
  35  -161.376    58.375   -76.611   48   48   50   51
  36  -191.127    56.205   -76.314   75   71   74   72
  37   -81.104    59.311   -76.766   50   40   42   42
  38   -35.541    58.580   -76.120   68   52   55   50
  39  -224.088    57.215   -75.922   55   57   63   62
  40  -167.084    58.348   -76.542   47   47   51   53
  41  -143.084    58.489   -76.785   51   49   49   48
  42  -182.264    97.685   -77.425   17   14   19   24
  43  -197.539    56.481   -76.258   69   70   73   70
  44  -130.574   -19.802   -76.521   91   89   89   87
  45  -140.461    70.592   -76.864   39   32   32   32
  46   -87.410    59.555   -76.921   45   37   40   38
  47   -44.051    99.207   -77.184   21   13   10   11
  48  -149.267    58.716   -76.668   46   43   44   46
  49  -116.426    57.640   -77.043   62   65   62   61
  50   -60.416     0.679   -76.155   86   82   84   81
  51  -121.719    57.545   -77.033   64   66   65   63
  52   -63.387    58.228   -76.548   66   54   56   56
  53  -173.269    58.519   -76.423   44   44   47   47
  54  -127.848    99.339   -77.403   13    9    8   13
  55  -128.656   -27.141   -76.581   98   94   93   91
  56   -15.477    99.036   -76.670   27   17   13   12
  57   -84.998    97.728   -77.491   28   24   20   20
  58  -133.186    99.256   -77.316   14   10    9   15
  59   -55.349     0.393   -76.087   88   84   86   83
  60  -112.233    70.401   -77.249   40   36   38   36
  61   -10.449    98.766   -76.575   31   22   18   17
  62  -238.244    95.845   -77.418   23   25   28   28
  63   -39.038    98.730   -77.094   26   20   17   19
  64   -79.891    97.317   -77.524   32   27   26   25
  65  -137.471   -19.710   -76.250   90   88   88   86
  66   -92.603    59.273   -76.969   49   38   41   45
  67   -49.214    98.913   -76.980   24   16   12   16
  68  -136.557   -26.947   -76.282   96   92   91   90
  69  -140.039   -26.979   -75.955   97   93   92   89
  70  -118.382    98.999   -76.716   15   11   11   18
  71   -84.856    70.776   -77.030   42   34   33   31
  72  -173.312    97.496   -77.649   18   18   22   26
  73  -105.836    57.181   -76.943   72   68   71   68
  74  -124.129   -18.234   -76.741   89   87   87   85
  75   -56.661    70.774   -76.559   43   35   36   30
  76   -11.483    57.844   -75.843   77   67   72   59
  77   -38.238    56.936   -76.136   79   73   76   69
  78  -119.118    55.968   -77.029   78   74   77   73
  79  -130.493    97.648   -77.280   22   21   21   22
  80  -272.446   174.035   -76.706    0    0    0    3
  81    13.892   170.312   -76.968    5    4    2    4
  82   -32.068    71.622   -76.326   41   30   31   29
  83    -8.032   173.365   -72.374    3    1    1    2
  84  -134.908   -21.579   -76.289   92   90   90   88
  85   -79.472   134.086   -77.965   10    6   -1    9
  86     1.327   -33.451   -73.989   99   95   94   -1
  87  -122.656    98.866   -77.741   16   12   14   -1
  88  -253.197   -39.900   -75.096  100   98   95   -1
  89  -135.792    34.135    -5.165   85   69   83   -1
  90     2.504   172.451   -67.394    4    2   -1    5
  91     4.847   -29.283    -1.408  102   86   96   -1
  92  -272.972    34.867   -55.547   -1   75   -1   77
