94
   1  -157.488    27.328   -77.021   84   81   81   80
   2   -41.243   134.387   -77.163    9    7    6    8
   3    -9.839   134.444   -76.444   10    8    5    7
   4  -242.506    70.177   -75.812   34   28   37   35
   5  -217.871    70.367   -76.370   35   29   34   33
   6   -79.356    27.845   -76.772   85   80   82   79
   7   -98.567    29.220   -77.000   83   79   80   78
   8  -193.056    69.996   -76.493   37   33   39   37
   9     3.207    59.275   -75.288   64   45   53   43
  10   -23.563    58.370   -76.053   75   56   60   54
  11    -2.498    59.260   -75.526   62   46   52   44
  12   -50.512     0.634   -76.076   88   83   85   82
  13  -167.369    70.417   -76.628   36   31   35   34
  14   -28.050    30.567   -76.135   82   78   79   76
  15   -51.354    58.201   -76.360   72   59   59   57
  16   -41.172    31.180   -76.355   81   77   78   75
  17   -29.252    58.352   -76.064   74   55   58   55
  18   -14.103    59.483   -75.924   59   41   45   40
  19    -5.651    99.003   -76.389   28   19   16   10
  20   -75.388    59.329   -76.647   51   39   43   41
  21  -236.394    56.942   -75.678   56   61   68   67
  22   -34.205    98.964   -76.987   24   15   15   14
  23   -57.065    58.184   -76.452   70   58   57   58
  24  -246.969    96.197   -76.149   18   23   27   27
  25  -242.114    56.916   -75.550   55   60   69   66
  26   -40.879    58.567   -76.157   67   51   54   52
  27    -8.570    59.488   -75.766   60   42   46   39
  28  -257.692   169.993   -76.938    1    3    4    6
  29  -217.639    57.039   -76.076   57   63   66   65
  30   -75.032    97.551   -77.641   29   26   23   23
  31  -211.977    57.058   -76.138   58   64   67   64
  32  -137.369    58.505   -76.893   52   50   48   49
  33  -185.417    56.220   -76.335   77   72   75   71
  34  -248.537    57.161   -75.318   53   53   64   60
  35  -191.129    56.205   -76.320   76   71   74   72
  36  -161.378    58.375   -76.613   48   48   50   51
  37   -35.543    58.581   -76.132   68   52   55   50
  38   -81.105    59.310   -76.767   49   40   42   42
  39  -224.089    57.215   -75.925   54   57   63   62
  40  -143.085    58.489   -76.795   50   49   49   48
  41  -167.084    58.348   -76.547   47   47   51   53
  42  -182.265    97.686   -77.429   15   14   19   24
  43  -130.576   -19.802   -76.533   92   89   89   87
  44  -197.539    56.481   -76.256   69   70   73   70
  45  -140.462    70.593   -76.870   38   32   32   32
  46   -87.409    59.558   -76.934   43   37   40   38
  47   -44.051    99.210   -77.200   19   13   10   11
  48  -149.266    58.716   -76.665   45   43   44   46
  49  -128.664   -27.144   -76.591   98   94   93   91
  50   -63.387    58.229   -76.556   66   54   56   56
  51  -116.426    57.640   -77.042   61   65   62   61
  52   -60.414     0.681   -76.171   87   82   84   81
  53  -127.849    99.339   -77.413   11    9    8   13
  54  -173.270    58.519   -76.429   44   44   47   47
  55  -121.719    57.545   -77.036   63   66   65   63
  56   -15.478    99.036   -76.677   26   17   13   12
  57   -84.999    97.730   -77.503   27   24   20   20
  58  -133.185    99.258   -77.323   12   10    9   15
  59   -55.353     0.391   -76.087   89   84   86   83
  60   -92.635    59.294   -77.248   46   38   41   45
  61  -112.234    70.403   -77.262   39   36   38   36
  62   -10.451    98.765   -76.576   30   22   18   17
  63   -39.039    98.732   -77.106   25   20   17   19
  64   -79.890    97.319   -77.529   31   27   26   25
  65  -137.471   -19.709   -76.251   91   88   88   86
  66   -49.235    98.944   -77.267   22   16   12   16
  67  -140.044   -26.982   -75.955   97   93   92   89
  68  -136.555   -26.945   -76.294   96   92   91   90
  69  -118.385    99.000   -76.728   13   11   11   18
  70  -237.793    95.915   -76.476   20   25   28   28
  71   -84.854    70.778   -77.030   41   34   33   31
  72  -173.314    97.495   -77.652   16   18   22   26
  73  -105.190    57.293   -75.259   73   68   71   68
  74  -124.129   -18.233   -76.745   90   87   87   85
  75   -56.663    70.774   -76.566   42   35   36   30
  76   -11.483    57.843   -75.839   78   67   72   59
  77   -38.236    56.937   -76.139   80   73   76   69
  78  -119.121    55.965   -77.022   79   74   77   73
  79  -130.492    97.650   -77.287   21   21   21   22
  80  -272.446   174.042   -76.733    0    0    0    3
  81   -32.067    71.624   -76.336   40   30   31   29
  82    13.902   170.280   -76.734    6    4    2    4
  83    -8.035   173.363   -72.371    2    1    1    2
  84  -134.910   -21.581   -76.278   93   90   90   88
  85   -79.471   134.087   -77.965    8    6   -1    9
  86  -110.026    57.379   -77.198   71   69   70   -1
  87     1.326   -33.451   -73.988   99   95   94   -1
  88  -122.654    98.868   -77.747   14   12   14   -1
  89  -253.192   -39.899   -75.091  100   98   95   -1
  90   -46.869    97.566   -77.032   32   -1   24   21
  91   -89.977    57.880   -77.115   65   62   61   -1
  92     2.568   172.425   -67.131    4    2   -1    5
  93     4.838   -29.298    -1.232  102   86   96   -1
  94  -272.972    34.867   -55.547   -1   75   -1   77
