93
   1  -157.487    27.326   -77.023   83   82   82   81
   2   -41.244   134.387   -77.162   11    9    7    9
   3  -242.505    70.178   -75.810   35   29   38   36
   4    -9.840   134.445   -76.445   12   10    6    8
   5  -217.869    70.367   -76.375   36   30   35   34
   6   -79.353    27.844   -76.774   84   81   83   80
   7   -98.566    29.219   -76.991   82   80   81   79
   8  -193.052    69.997   -76.495   38   34   40   38
   9     3.214    59.275   -75.277   65   46   54   44
  10   -23.561    58.367   -76.049   74   57   61   55
  11    -2.499    59.259   -75.516   63   47   53   45
  12   -50.517     0.637   -76.093   87   84   87   83
  13   -28.049    30.566   -76.126   81   79   80   77
  14   -51.353    58.200   -76.351   71   59   60   58
  15  -167.368    70.418   -76.618   37   32   36   35
  16   -14.102    59.481   -75.920   60   42   46   41
  17   -41.174    31.179   -76.359   80   78   79   76
  18   -29.253    58.350   -76.065   73   56   59   56
  19    -5.654    99.004   -76.379   29   20   17   11
  20   -75.381    59.330   -76.650   52   40   44   42
  21   -57.058    58.185   -76.473   70   60   58   59
  22  -246.971    96.194   -76.142   20   24   28   28
  23  -236.393    56.943   -75.666   57   62   69   68
  24   -34.198    98.967   -76.977   25   16   16   15
  25  -242.119    56.915   -75.552   56   61   70   67
  26    -8.568    59.485   -75.761   61   43   47   40
  27   -40.878    58.566   -76.153   67   52   55   53
  28  -257.690   169.990   -76.946    2    4    5    7
  29  -217.641    57.038   -76.073   58   64   68   65
  30  -211.975    57.057   -76.138   59   65   67   66
  31   -75.033    97.548   -77.639   30   27   24   24
  32  -137.370    58.506   -76.883   53   51   49   50
  33  -248.536    57.163   -75.302   54   54   65   61
  34   -81.098    59.313   -76.766   50   41   43   43
  35  -161.375    58.374   -76.614   48   49   52   52
  36  -185.417    56.220   -76.344   76   73   76   72
  37  -191.126    56.203   -76.322   75   72   75   73
  38  -167.086    58.350   -76.540   47   48   51   54
  39   -35.539    58.583   -76.125   68   53   56   51
  40  -143.082    58.487   -76.796   51   50   50   49
  41  -224.088    57.215   -75.934   55   58   64   63
  42  -182.262    97.686   -77.422   17   15   20   25
  43  -130.572   -19.803   -76.527   91   90   91   87
  44  -197.538    56.482   -76.276   69   71   74   71
  45  -140.459    70.593   -76.869   39   33   33   33
  46   -87.410    59.556   -76.919   45   38   41   39
  47   -44.050    99.208   -77.177   21   14   11   12
  48  -149.266    58.717   -76.661   46   44   45   47
  49  -116.424    57.634   -77.048   62   66   63   62
  50  -133.184    99.257   -77.309   14   12   10   16
  51   -60.417     0.680   -76.161   86   83   86   82
  52   -84.997    97.728   -77.492   28   25   21   21
  53   -63.385    58.229   -76.542   66   55   57   57
  54  -127.847    99.337   -77.394   13   11    9   14
  55  -121.719    57.546   -77.036   64   67   66   64
  56  -173.266    58.517   -76.438   44   45   48   48
  57  -128.657   -27.139   -76.592   98   95   95   92
  58   -15.480    99.036   -76.679   27   18   14   13
  59   -55.351     0.393   -76.078   88   85   88   84
  60   -10.449    98.767   -76.586   31   22   19   18
  61  -112.230    70.402   -77.265   40   37   39   37
  62  -238.246    95.845   -77.421   23   26   29   29
  63   -39.040    98.732   -77.087   26   21   18   20
  64  -137.472   -19.705   -76.247   90   89   90   86
  65   -79.890    97.316   -77.531   32   28   27   26
  66   -92.606    59.274   -76.972   49   39   42   46
  67   -49.212    98.913   -76.974   24   17   13   17
  68  -136.558   -26.944   -76.264   96   93   93   91
  69  -140.040   -26.979   -75.958   97   94   94   90
  70   -84.857    70.776   -77.016   42   35   34   32
  71  -173.312    97.494   -77.642   18   19   23   27
  72  -118.772    99.056   -77.761   15   13   12   19
  73  -105.836    57.181   -76.937   72   70   72   69
  74  -124.126   -18.233   -76.733   89   88   89   85
  75   -56.659    70.769   -76.579   43   36   37   31
  76   -11.486    57.844   -75.842   77   68   73   60
  77   -38.240    56.934   -76.139   79   74   77   70
  78  -119.118    55.968   -77.037   78   75   78   74
  79  -130.491    97.650   -77.283   22   23   22   23
  80  -272.457   174.053   -76.718    0    0    0    3
  81    13.832   170.300   -76.949    5    5    3    4
  82   -32.076    71.623   -76.328   41   31   32   30
  83     0.246   -30.498   -57.390   99   96   96   89
  84    -7.830   173.297   -72.047    3    2    1    2
  85  -134.904   -21.582   -76.278   92   91   92   88
  86    -2.279   172.268   -58.233    4    3    2    6
  87   -79.474   134.085   -77.963   10    8   -1   10
  88  -253.204   -39.902   -75.108  100   99   97   -1
  89  -135.795    34.135    -5.166   85   69   84   -1
  90     4.389   -30.878     1.141  102   87   98   -1
  91    14.874   151.301   -62.945    8    7   -1    5
  92  -272.954    34.921   -55.504   -1   76   -1   78
  93    54.224   -28.851    65.227   -1   86   -1   93
