94
   1  -157.486    27.329   -77.028   82   86   80   81
   2   -41.244   134.387   -77.154   11   10    7    9
   3    -9.838   134.446   -76.448   12   11    6    8
   4  -242.505    70.179   -75.816   33   33   37   35
   5  -217.870    70.366   -76.378   34   34   34   33
   6   -79.355    27.848   -76.774   83   85   81   80
   7   -98.563    29.220   -76.993   81   84   79   78
   8  -193.054    69.996   -76.496   36   38   39   37
   9     3.215    59.276   -75.286   63   50   53   42
  10    -2.497    59.261   -75.518   61   51   52   44
  11   -23.563    58.368   -76.065   73   60   60   54
  12   -50.514     0.634   -76.078   86   88   83   83
  13   -51.351    58.204   -76.366   70   63   58   57
  14  -167.366    70.416   -76.618   35   36   35   34
  15   -28.050    30.562   -76.129   80   83   78   77
  16   -14.101    59.483   -75.923   58   46   45   40
  17   -41.175    31.180   -76.352   79   82   77   76
  18   -29.250    58.348   -76.056   72   61   59   55
  19   -75.386    59.330   -76.641   50   44   42   41
  20    -5.651    99.004   -76.387   28   22   17   11
  21  -246.967    96.196   -76.142   19   27   27   27
  22   -57.062    58.186   -76.461   69   64   57   58
  23   -34.205    98.965   -76.989   24   19   16   15
  24  -217.639    57.039   -76.073   56   68   66   64
  25  -242.113    56.916   -75.548   54   65   68   65
  26  -236.392    56.943   -75.681   55   66   67   66
  27  -257.688   169.989   -76.949    2    3    5    7
  28   -40.875    58.570   -76.154   66   56   54   52
  29    -8.568    59.483   -75.762   59   47   46   39
  30  -211.979    57.057   -76.143   57   69   65   68
  31   -75.030    97.550   -77.646   29   30   23   23
  32   -92.534    59.248   -77.278   45   43   43   45
  33  -137.368    58.505   -76.890   51   55   48   49
  34  -185.416    56.220   -76.340   75   77   74   72
  35   -35.540    58.582   -76.108   67   57   55   50
  36  -248.536    57.162   -75.316   52   58   63   60
  37  -191.126    56.204   -76.332   74   76   73   73
  38  -161.377    58.378   -76.616   47   53   50   51
  39   -81.103    59.311   -76.770   48   45   41   43
  40  -167.082    58.349   -76.548   46   52   51   53
  41  -143.085    58.488   -76.790   49   54   49   48
  42  -224.087    57.218   -75.924   53   62   62   62
  43  -182.261    97.689   -77.432   17   17   20   24
  44  -130.578   -19.801   -76.528   91   94   87   87
  45  -197.537    56.483   -76.266   68   75   72   71
  46  -140.458    70.594   -76.874   37   37   32   32
  47   -87.409    59.556   -76.930   42   42   40   38
  48   -44.049    99.212   -77.181   20   16   11   12
  49  -116.426    57.635   -77.019   60   70   61   61
  50   -63.386    58.229   -76.547   65   59   56   56
  51   -60.409     0.678   -76.168   85   87   82   82
  52  -121.689    57.524   -77.268   62   71   64   63
  53  -149.265    58.717   -76.667   44   48   44   46
  54   -15.477    99.038   -76.679   26   20   14   13
  55   -84.997    97.729   -77.489   27   28   21   21
  56  -127.850    99.341   -77.419   13   12    9   14
  57  -133.181    99.257   -77.322   14   13   10   16
  58  -173.268    58.519   -76.433   43   49   47   47
  59   -55.351     0.392   -76.082   87   89   84   84
  60   -10.450    98.761   -76.582   30   26   19   17
  61  -112.231    70.402   -77.260   38   41   38   36
  62   -39.041    98.726   -77.085   25   23   18   20
  63  -238.244    95.845   -77.420   22   29   28   28
  64  -137.466   -19.705   -76.254   90   93   86   86
  65   -49.261    98.939   -77.276   23   18   13   18
  66   -79.892    97.316   -77.516   31   31   26   25
  67  -173.703    97.396   -76.471   18   21   24   26
  68    -5.820   171.733   -77.732    3    4    1    2
  69  -136.560   -26.950   -76.289   95   96   89   90
  70  -140.038   -26.978   -75.955   96   97   90   89
  71  -128.290   -27.210   -77.628   97   98   91   91
  72  -118.384    99.000   -76.717   15   14   12   19
  73   -84.852    70.776   -77.016   40   39   33   31
  74  -105.132    57.284   -78.673   71   74   70   67
  75  -124.120   -18.232   -76.724   89   92   85   85
  76   -11.483    57.845   -75.837   76   72   71   59
  77   -56.661    70.775   -76.573   41   40   36   30
  78   -38.232    56.932   -76.139   78   78   75   70
  79  -130.490    97.652   -77.287   21   25   22   22
  80  -272.441   174.055   -76.657    0    0    0    3
  81    13.873   170.291   -76.804    6    6    3    5
  82   -32.076    71.628   -76.329   39   35   31   29
  83  -134.900   -21.583   -76.274   92   95   88   88
  84  -105.461    58.301   -64.408   64   73   69   69
  85    -0.957   170.672   -62.808    5    5    2    4
  86   -79.474   134.088   -77.963   10    9   -1   10
  87     1.328   -33.456   -73.993   98   99   93   -1
  88  -122.656    98.870   -77.738   16   15   15   -1
  89  -253.203   -39.897   -75.068   99  101   94   -1
  90  -119.015    55.969   -77.215   77   79   76   -1
  91     3.261   172.021   -64.893    7    2   -1    6
  92     4.853   -29.471    -2.508  102   91   95   -1
  93  -286.557    24.036     9.158   88   80   -1   79
  94    30.410   -28.556   -13.800   -1   90   98   92
